703,0
703.02,9.41235121942885e-06
703.04,1.88247024388577e-05
703.06,2.82370536583421e-05
703.08,3.76494048779374e-05
703.1,4.70617560973663e-05
703.12,5.64741073167951e-05
703.14,6.5886458536335e-05
703.16,7.52988097557639e-05
703.18,8.47111609752482e-05
703.2,9.41235121947326e-05
703.22,0.000103535863414161
703.24,0.000112948214633701
703.26,0.000122360565853075
703.28,0.000131772917072559
703.3,0.000141185268292099
703.32,0.000150597619511528
703.34,0.000160009970731068
703.36,0.000169422321950496
703.38,0.000178834673169981
703.4,0.000188247024389465
703.42,0.000197659375608894
703.44,0.000207071726828434
703.46,0.000216484078047863
703.48,0.000225896429267292
703.5,0.000235308780486831
703.52,0.00024472113170626
703.54,0.000254133482925745
703.56,0.000263545834145229
703.58,0.000272958185364713
703.6,0.000282370536584198
703.62,0.000291782887803682
703.64,0.000301195239023111
703.66,0.00031060759024254
703.68,0.000320019941462024
703.7,0.000329432292681564
703.72,0.000338844643900993
703.74,0.000348256995120477
703.76,0.000357669346339962
703.78,0.00036708169755939
703.8,0.000376494048778875
703.82,0.000385906399998415
703.84,0.000395318751217844
703.86,0.000404731102437328
703.88,0.000414143453656812
703.9,0.000423555804876241
703.92,0.000432968156095725
703.94,0.000442380507315265
703.96,0.000451792858534694
703.98,0.000461205209754179
704,0.000470617560973607
704.02,0.000480029912193092
704.04,0.000489442263412576
704.06,0.000498854614632005
704.08,0.000508266965851545
704.1,0.000517679317071029
704.12,0.000527091668290458
704.14,0.000536504019509942
704.16,0.000545916370729371
704.18,0.000555328721948856
704.2,0.000564741073168396
704.22,0.000574153424387824
704.24,0.000583565775607309
704.26,0.000592978126826793
704.28,0.000602390478046277
704.3,0.000611802829265706
704.32,0.000621215180485246
704.34,0.000630627531704675
704.36,0.000640039882924159
704.38,0.000649452234143644
704.4,0.000658864585363128
704.42,0.000668276936582557
704.44,0.000677689287802097
704.46,0.000687101639021526
704.48,0.00069651399024101
704.5,0.000705926341460494
704.52,0.000715338692679923
704.54,0.000724751043899408
704.56,0.000734163395118892
704.58,0.000743575746338376
704.6,0.000752988097557861
704.62,0.000762400448777345
704.64,0.000771812799996774
704.66,0.000781225151216258
704.68,0.000790637502435687
704.7,0.000800049853655227
704.72,0.000809462204874656
704.74,0.000819131296665054
704.76,0.000847600126730186
704.78,0.000876068956795262
704.8,0.000904537786860393
704.82,0.000933006616925636
704.84,0.000961475446990712
704.86,0.000989944277055843
704.88,0.00101841310712092
704.9,0.00104688193718599
704.92,0.00107535076725113
704.94,0.00110381959731642
704.96,0.0011322884273815
704.98,0.00116075725744663
705,0.00118922608751171
705.02,0.00121769491757678
705.04,0.00124616374764186
705.06,0.00127463257770699
705.08,0.00130310140777223
705.1,0.00133157023783737
705.12,0.0013600390679025
705.14,0.00138850789796757
705.16,0.00141697672803265
705.18,0.00144544555809778
705.2,0.00147391438816302
705.22,0.0015023832182281
705.24,0.00153085204829323
705.26,0.00155932087835831
705.28,0.00158778970842344
705.3,0.00161625853848857
705.32,0.00164472736855381
705.34,0.00167319619861889
705.36,0.00170166502868402
705.38,0.00173013385874909
705.4,0.00175860268881423
705.42,0.0017870715188793
705.44,0.0018155403489446
705.46,0.00184400917900968
705.48,0.00187247800907475
705.5,0.00190094683913988
705.52,0.00192941566920496
705.54,0.00195788449927004
705.56,0.00198635332933517
705.58,0.00201482215940041
705.6,0.00204329098946554
705.62,0.00207175981953067
705.64,0.00210022864959575
705.66,0.00212869747966082
705.68,0.00215716630972596
705.7,0.0021856351397912
705.72,0.00221410396985627
705.74,0.00224257279992141
705.76,0.00227104162998648
705.78,0.00235452575222117
705.8,0.00250996648151969
705.82,0.00266540721081909
705.84,0.00282084794011755
705.86,0.00297628866941607
705.88,0.00313172939871453
705.9,0.00328717012801305
705.92,0.00344261085731157
705.94,0.00359805158661092
705.96,0.00375349231590943
705.98,0.00390893304520795
706,0.00406437377450641
706.02,0.00421981450380493
706.04,0.00437525523310345
706.06,0.00453069596240191
706.08,0.00468613669170131
706.1,0.00484157742099978
706.12,0.00499701815029829
706.14,0.00515245887959676
706.16,0.00530789960889533
706.18,0.00546334033819379
706.2,0.00561878106749314
706.22,0.00577422179679166
706.24,0.00592966252609012
706.26,0.00608510325538864
706.28,0.00624054398468715
706.3,0.00639598471398561
706.32,0.00655142544328502
706.34,0.00670686617258354
706.36,0.006862306901882
706.38,0.00701774763118052
706.4,0.00717318836047898
706.42,0.00732862908977749
706.44,0.0074840698190769
706.46,0.00763951054837536
706.48,0.00779495127767388
706.5,0.00795039200697234
706.52,0.00810583273627086
706.54,0.00826127346556937
706.56,0.00841671419486784
706.58,0.00857215492416724
706.6,0.00894272034590349
706.62,0.00938416915046336
706.64,0.00982561795502329
706.66,0.0102670667595832
706.68,0.0107085155641431
706.7,0.0111499643687055
706.72,0.0115914131732654
706.74,0.0120328619778254
706.76,0.0124743107823853
706.78,0.0129157595869452
706.8,0.0133572083915051
706.82,0.0137986571960675
706.84,0.0142401060006274
706.86,0.0146815548051873
706.88,0.0151230036097472
706.9,0.0155644524143071
706.92,0.016005901218867
706.94,0.0164473500234295
706.96,0.0168887988279893
706.98,0.0173302476325493
707,0.0177716964371092
707.02,0.0182131452416691
707.04,0.018654594046229
707.06,0.0190960428507889
707.08,0.0195374916553513
707.1,0.0199789404599112
707.12,0.0206101738787266
707.14,0.0214526433650311
707.16,0.0222951128513355
707.18,0.02313758233764
707.2,0.0239800518239491
707.22,0.0248225213102536
707.24,0.025664990796558
707.26,0.0265074602828625
707.28,0.0273499297691669
707.3,0.0281923992554714
707.32,0.0290348687417806
707.34,0.0298773382280851
707.36,0.0307198077143895
707.38,0.031562277200694
707.4,0.0324329181546867
707.42,0.0334382757680594
707.44,0.0344436333814377
707.46,0.0354489909948104
707.48,0.036454348608183
707.5,0.0374597062215556
707.52,0.0384650638349283
707.54,0.0394704214483009
707.56,0.0404757790616735
707.58,0.0414811366750519
707.6,0.0424864942884245
707.62,0.0434918519017972
707.64,0.0444972095151698
707.66,0.046852709696985
707.68,0.0495646066794937
707.7,0.0522765036620177
707.72,0.0549884006445264
707.74,0.0568831340926857
707.76,0.0581025023739897
707.78,0.0593218706552935
707.8,0.0605412389365974
707.82,0.0617606072179082
707.84,0.0629799754992121
707.86,0.0641993437805159
707.88,0.0654187120618198
707.9,0.0666380803431237
707.92,0.0678574486244276
707.94,0.0690849064848209
707.96,0.0708178781123552
707.98,0.0725508497398896
708,0.074283821367424
708.02,0.0760167929949583
708.04,0.0777497646224927
708.06,0.0794827362500271
708.08,0.0812157078775713
708.1,0.0829486795051056
708.12,0.08468165113264
708.14,0.0878563291193593
708.16,0.0914926400578493
708.18,0.0951289509963394
708.2,0.0987652619348502
708.22,0.100626383316133
708.24,0.102171948496173
708.26,0.103717513676214
708.28,0.105263078856254
708.3,0.106808644036295
708.32,0.108354209216344
708.34,0.109899774396384
708.36,0.111445339576425
708.38,0.112990904756465
708.4,0.114633881651536
708.42,0.116454149337959
708.44,0.118274417024392
708.46,0.120094684710815
708.48,0.121914952397238
708.5,0.123735220083661
708.52,0.125555487770084
708.54,0.127375755456507
708.56,0.12919602314293
708.58,0.131016290829363
708.6,0.132642699528031
708.62,0.134241496491796
708.64,0.13584029345556
708.66,0.137439090419325
708.68,0.139037887383089
708.7,0.140636684346863
708.72,0.142235481310627
708.74,0.143834278274392
708.76,0.145433075238156
708.78,0.146893192071341
708.8,0.148130663011543
708.82,0.149368133951752
708.84,0.150605604891954
708.86,0.151843075832157
708.88,0.153080546772359
708.9,0.154318017712561
708.92,0.155555488652763
708.94,0.156792959592972
708.96,0.158030430533174
708.98,0.159267901473376
709,0.160505372413579
709.02,0.161445077975935
709.04,0.162080245941085
709.06,0.162715413906235
709.08,0.163350581871388
709.1,0.163985749836538
709.12,0.164620917801688
709.14,0.165256085766837
709.16,0.165891253731987
709.18,0.166526421697137
709.2,0.16716158966229
709.22,0.16779675762744
709.24,0.16843192559259
709.26,0.16906709355774
709.28,0.169702261522889
709.3,0.170337429488039
709.32,0.170972597453193
709.34,0.171592715974197
709.36,0.172171661558461
709.38,0.172750607142726
709.4,0.17332955272699
709.42,0.173908498311255
709.44,0.174487443895523
709.46,0.175066389479787
709.48,0.175645335064052
709.5,0.176224280648317
709.52,0.176803226232581
709.54,0.177382171816846
709.56,0.17796111740111
709.58,0.178540062985378
709.6,0.179119008569643
709.62,0.179697954153907
709.64,0.180276899738172
709.66,0.180855845322436
709.68,0.181434790906701
709.7,0.182013736490969
709.72,0.182592682075233
709.74,0.183171627659498
709.76,0.183750573243762
709.78,0.184329518828027
709.8,0.184908464412291
709.82,0.185487409996559
709.84,0.185347501460273
709.86,0.18490922499583
709.88,0.184470948531387
709.9,0.184032672066945
709.92,0.183594395602502
709.94,0.183156119138057
709.96,0.182717842673614
709.98,0.182279566209172
710,0.181841289744729
710.02,0.181403013280286
710.04,0.180964736815844
710.06,0.180526460351401
710.08,0.180088183886956
710.1,0.179649907422513
710.12,0.179211630958071
710.14,0.178773354493628
710.16,0.178335078029185
710.18,0.177896801564743
710.2,0.177458525100298
710.22,0.177020248635855
710.24,0.176581972171413
710.26,0.17614369570697
710.28,0.175705419242527
710.3,0.175267142778085
710.32,0.174828866313639
710.34,0.174390589849197
710.36,0.173952313384754
710.38,0.173514036920312
710.4,0.173075760455869
710.42,0.172637483991426
710.44,0.172199207526981
710.46,0.171760931062539
710.48,0.171322654598096
710.5,0.170884378133653
710.52,0.17037164099019
710.54,0.169194507334797
710.56,0.168017373679404
710.58,0.166840240024003
710.6,0.16566310636861
710.62,0.164485972713216
710.64,0.163308839057823
710.66,0.162131705402429
710.68,0.160954571747036
710.7,0.159748327013856
710.72,0.158527028239382
710.74,0.157305729464908
710.76,0.156084430690434
710.78,0.15486313191596
710.8,0.153641833141486
710.82,0.152420534367005
710.84,0.151199235592531
710.86,0.149977936818057
710.88,0.148744259559429
710.9,0.146152586941676
710.92,0.143560914323922
710.94,0.140969241706154
710.96,0.138377569088401
710.98,0.136818863914568
711,0.135864388181637
711.02,0.134909912448707
711.04,0.133955436715776
711.06,0.133000960982845
711.08,0.132046485249908
711.1,0.131092009516977
711.12,0.130137533784046
711.14,0.129183058051115
711.16,0.128228582318184
711.18,0.127274106585253
711.2,0.126319630852317
711.22,0.12536228836685
711.24,0.124380664427189
711.26,0.123399040487528
711.28,0.122417416547868
711.3,0.121435792608207
711.32,0.12045416866854
711.34,0.11947254472888
711.36,0.118490920789219
711.38,0.117509296849558
711.4,0.116527672909897
711.42,0.115546048970237
711.44,0.11456442503057
711.46,0.113531694407436
711.48,0.111699221916981
711.5,0.109866749426527
711.52,0.108034276936072
711.54,0.106201804445617
711.56,0.104369331955163
711.58,0.102542362653353
711.6,0.10151589126627
711.62,0.100489419879187
711.64,0.0994629484921039
711.66,0.098436477105021
711.68,0.0974100057179381
711.7,0.0963835343308493
711.72,0.0953570629437663
711.74,0.0943305915566834
711.76,0.0933041201696004
711.78,0.0922776487825175
711.8,0.0912655687117577
711.82,0.0903274024004527
711.84,0.0893892360891528
711.86,0.0884510697778531
711.88,0.0875129034665533
711.9,0.0865747371552535
711.92,0.0856365708439537
711.94,0.0846984045326487
711.96,0.0837602382213489
711.98,0.0828220719100491
712,0.0818839055987493
712.02,0.0809457392874495
712.04,0.0800075729761497
712.06,0.07906940666485
712.08,0.0781312403535449
712.1,0.0774679274715684
712.12,0.0769157634581618
712.14,0.0763635994447553
712.16,0.0758114354313488
712.18,0.0752592714179423
712.2,0.0747071074045326
712.22,0.074154943391126
712.24,0.0736027793777195
712.26,0.0730506153643129
712.28,0.0724984513509064
712.3,0.0719462873374998
712.32,0.0713941233240901
712.34,0.0708419593106836
712.36,0.0702897952972771
712.38,0.0697376312838705
712.4,0.069185467270464
712.42,0.0686333032570574
712.44,0.0680811392436477
712.46,0.0675289752302412
712.48,0.0669768112168347
712.5,0.0664246472034281
712.52,0.0658724831900216
712.54,0.0653203191766151
712.56,0.0647681551632085
712.58,0.0643159346801427
712.6,0.0639103052062886
712.62,0.0635046757324346
712.64,0.0630990462585804
712.66,0.0626934167847263
712.68,0.0622877873108723
712.7,0.0618821578370159
712.72,0.0614765283631618
712.74,0.0610708988893077
712.76,0.0606652694154537
712.78,0.0602596399415996
712.8,0.0598540104677455
712.82,0.0594483809938891
712.84,0.059042751520035
712.86,0.0586371220461809
712.88,0.0582314925723268
712.9,0.0578258630984728
712.92,0.0574202336246187
712.94,0.0570146041507623
712.96,0.0566089746769083
712.98,0.0562033452030541
713,0.0557977157292001
713.02,0.055392086255346
713.04,0.0549864567814919
713.06,0.0545808273076378
713.08,0.0542374300203137
713.1,0.0539635522392692
713.12,0.0536896744582246
713.14,0.0534157966771802
713.16,0.0531419188961356
713.18,0.0528680411150911
713.2,0.052594163334045
713.22,0.0523202855530005
713.24,0.052046407771956
713.26,0.0517725299909114
713.28,0.0514986522098669
713.3,0.0512247744288223
713.32,0.0509508966477762
713.34,0.0506770188667317
713.36,0.0504031410856872
713.38,0.0501292633046427
713.4,0.0498553855235981
713.42,0.0495815077425537
713.44,0.0493076299615075
713.46,0.049033752180463
713.48,0.0487598743994185
713.5,0.0484859966183739
713.52,0.0482121188373294
713.54,0.0479382410562849
713.56,0.0476643632752404
713.58,0.0473904854941943
713.6,0.0471166077131497
713.62,0.0468427299321053
713.64,0.0465688521510607
713.66,0.0462949743700162
713.68,0.0460210965889716
713.7,0.0457472188079255
713.72,0.0454733410268811
713.74,0.0451994632458365
713.76,0.044925585464792
713.78,0.0446517076837474
713.8,0.0443778299027029
713.82,0.0441039521216569
713.84,0.0438300743406123
713.86,0.0435561965595678
713.88,0.0432823187785232
713.9,0.0430084409974787
713.92,0.0427345632164342
713.94,0.0424606854353881
713.96,0.0421991596028438
713.98,0.0420629420554079
714,0.0419267245079719
714.02,0.041790506960536
714.04,0.0416542894131001
714.06,0.0415180718656641
714.08,0.0413818543182274
714.1,0.0412456367707915
714.12,0.0411094192233556
714.14,0.0409732016759196
714.16,0.0408369841284837
714.18,0.0407007665810478
714.2,0.0405645490336111
714.22,0.0404283314861751
714.24,0.0402921139387392
714.26,0.0401558963913032
714.28,0.0400196788438673
714.3,0.0398834612964314
714.32,0.0397472437489947
714.34,0.0396110262015588
714.36,0.0394748086541228
714.38,0.0393385911066869
714.4,0.0392023735592509
714.42,0.039066156011815
714.44,0.0389299384643783
714.46,0.0387937209169423
714.48,0.0386575033695065
714.5,0.0385212858220705
714.52,0.0383850682746346
714.54,0.0382488507271986
714.56,0.0381126331797627
714.58,0.037976415632326
714.6,0.03784019808489
714.62,0.0377039805374541
714.64,0.0375677629900182
714.66,0.0374315454425823
714.68,0.0372953278951463
714.7,0.0371591103477096
714.72,0.0370228928002737
714.74,0.0368866752528377
714.76,0.0367504577054018
714.78,0.0366142401579658
714.8,0.0364780226105299
714.82,0.0363418050630932
714.84,0.0362055875156573
714.86,0.0360693699682213
714.88,0.0359331524207854
714.9,0.0357969348733495
714.92,0.0356607173259135
714.94,0.0355244997784768
714.96,0.0353882822310409
714.98,0.0353191792599153
715,0.0352724133302706
715.02,0.0352256474006258
715.04,0.0351788814709811
715.06,0.0351321155413364
715.08,0.0350853496116914
715.1,0.0350385836820466
715.12,0.0349918177524019
715.14,0.0349450518227571
715.16,0.0348982858931124
715.18,0.0348515199634676
715.2,0.0348047540338227
715.22,0.0347579881041779
715.24,0.0347112221745332
715.26,0.0346644562448885
715.28,0.0346176903152436
715.3,0.0345709243855989
715.32,0.0345241584559539
715.34,0.0344773925263092
715.36,0.0344306265966645
715.38,0.0343838606670197
715.4,0.034337094737375
715.42,0.0342903288077302
715.44,0.0342435628780852
715.46,0.0341967969484405
715.48,0.0341500310187957
715.5,0.034103265089151
715.52,0.0340564991595062
715.54,0.0340097332298615
715.56,0.0339629673002168
715.58,0.0339162013705717
715.6,0.033869435440927
715.62,0.0338226695112823
715.64,0.0337759035816375
715.66,0.0337291376519928
715.68,0.0336823717223481
715.7,0.033635605792703
715.72,0.0335888398630583
715.74,0.0335420739334136
715.76,0.0334953080037688
715.78,0.0334485420741241
715.8,0.0334017761444793
715.82,0.0333550102148343
715.84,0.0333082442851896
715.86,0.0332614783555448
715.88,0.0332147124259001
715.9,0.0331679464962553
715.92,0.0331211805666106
715.94,0.0330744146369656
715.96,0.0330276487073208
715.98,0.0329808827776761
716,0.0329341168480314
716.02,0.0328873509183866
716.04,0.0328405849887419
716.06,0.0327938190590971
716.08,0.0327470531294521
716.1,0.0327002871998074
716.12,0.0326535212701626
716.14,0.0326067553405179
716.16,0.0325599894108732
716.18,0.0325132234812284
716.2,0.0324664575515834
716.22,0.0324196916219386
716.24,0.0323729256922939
716.26,0.0323261597626492
716.28,0.0322793938330044
716.3,0.0322326279033597
716.32,0.0321858619737147
716.34,0.0321390960440699
716.36,0.0320923301144252
716.38,0.0320455641847804
716.4,0.0319987982551357
716.42,0.0319483148884545
716.44,0.0318972987864971
716.46,0.0318462826845399
716.48,0.0317952665825828
716.5,0.0317442504806257
716.52,0.0316932343786685
716.54,0.0316422182767114
716.56,0.0315912021747543
716.58,0.0315401860727968
716.6,0.0314891699708397
716.62,0.0314381538688825
716.64,0.0313871377669254
716.66,0.0313361216649683
716.68,0.0312851055630112
716.7,0.0312340894610538
716.72,0.0311830733590966
716.74,0.0311320572571395
716.76,0.0310810411551823
716.78,0.0310300250532252
716.8,0.0309790089512681
716.82,0.0309279928493106
716.84,0.0308769767473535
716.86,0.0308259606453964
716.88,0.0307749445434392
716.9,0.0307239284414821
716.92,0.030672912339525
716.94,0.0306218962375676
716.96,0.0305708801356104
716.98,0.0305198640336533
717,0.0304688479316961
717.02,0.030417831829739
717.04,0.0303668157277819
717.06,0.0303157996258248
717.08,0.0302647835238674
717.1,0.0302137674219102
717.12,0.0301627513199531
717.14,0.0301117352179959
717.16,0.0300607191160388
717.18,0.0300097030140817
717.2,0.0299586869121243
717.22,0.0299076708101671
717.24,0.02985665470821
717.26,0.0298056386062528
717.28,0.0297546225042957
717.3,0.0297036064023386
717.32,0.0296525903003811
717.34,0.029601574198424
717.36,0.0295505580964669
717.38,0.0294995419945098
717.4,0.0294485258925526
717.42,0.0293975097905955
717.44,0.0293464936886381
717.46,0.0292988871084817
717.48,0.0292685926046362
717.5,0.0292382981007908
717.52,0.0292080035969454
717.54,0.0291777090931
717.56,0.0291474145892546
717.58,0.0291171200854091
717.6,0.0290868255815636
717.62,0.0290565310777182
717.64,0.0290262365738728
717.66,0.0289959420700274
717.68,0.028965647566182
717.7,0.0289353530623365
717.72,0.028905058558491
717.74,0.0288747640546457
717.76,0.0288444695508002
717.78,0.0288141750469548
717.8,0.0287838805431094
717.82,0.0287535860392639
717.84,0.0287232915354184
717.86,0.0286929970315731
717.88,0.0286627025277276
717.9,0.0286324080238822
717.92,0.0286021135200368
717.94,0.0285718190161912
717.96,0.0285415245123458
717.98,0.0285112300085005
718,0.028480935504655
718.02,0.0284506410008096
718.04,0.0284203464969642
718.06,0.0283900519931188
718.08,0.0283597574892732
718.1,0.0283294629854278
718.12,0.0282991684815824
718.14,0.028268873977737
718.16,0.0282385794738916
718.18,0.0282082849700462
718.2,0.0281779904662006
718.22,0.0281476959623552
718.24,0.0281174014585098
718.26,0.0280871069546644
718.28,0.028056812450819
718.3,0.0280265179469736
718.32,0.0279962234431281
718.34,0.0279659289392827
718.36,0.0279356344354372
718.38,0.0279053399315919
718.4,0.0278750454277464
718.42,0.027844750923901
718.44,0.0278144564200554
718.46,0.0277841619162101
718.48,0.0277538674123646
718.5,0.0277235729085193
718.52,0.0277351769617815
718.54,0.0277957983782205
718.56,0.0278564197946596
718.58,0.027917041211099
718.6,0.027977662627538
718.62,0.0280382840439771
718.64,0.0280989054604162
718.66,0.0281595268768552
718.68,0.0282201482932942
718.7,0.0282807697097336
718.72,0.0283413911261727
718.74,0.0284020125426117
718.76,0.0284626339590507
718.78,0.0285232553754898
718.8,0.0285838767919289
718.82,0.0286444982083682
718.84,0.0287051196248073
718.86,0.0287657410412464
718.88,0.0288263624576854
718.9,0.0288869838741244
718.92,0.0289476052905635
718.94,0.0290082267070029
718.96,0.029068848123442
718.98,0.029129469539881
719,0.02919009095632
719.02,0.0292507123727591
719.04,0.0293113337891981
719.06,0.0293719552056372
719.08,0.0294325766220765
719.1,0.0294931980385156
719.12,0.0295538194549547
719.14,0.0296144408713937
719.16,0.0296750622878328
719.18,0.0297356837042718
719.2,0.0297963051207112
719.22,0.0298569265371503
719.24,0.0299175479535893
719.26,0.0299781693700283
719.28,0.0300387907864674
719.3,0.0300994122029065
719.32,0.0301600336193458
719.34,0.0302206550357849
719.36,0.0302812764522239
719.38,0.030341897868663
719.4,0.0304025192851021
719.42,0.0304631407015411
719.44,0.0305237621179805
719.46,0.0305843835344195
719.48,0.0306450049508586
719.5,0.0307056263672976
719.52,0.0307662477837367
719.54,0.0308268692001757
719.56,0.0308874906166148
719.58,0.0311142445432933
719.6,0.0313864093580366
719.62,0.0316585741727798
719.64,0.031930738987523
719.66,0.0322029038022663
719.68,0.0324750686170095
719.7,0.0327472334317543
719.72,0.0330193982464976
719.74,0.0332915630612408
719.76,0.033563727875984
719.78,0.0338358926907272
719.8,0.0341080575054705
719.82,0.0343802223202153
719.84,0.0346523871349585
719.86,0.0349245519497017
719.88,0.035196716764445
719.9,0.0354688815791882
719.92,0.0357410463939314
719.94,0.0360132112086762
719.96,0.0362853760234195
719.98,0.0365575408381627
720,0.0368297056529059
720.02,0.0371018704676492
720.04,0.0373740352823924
720.06,0.0376462000971357
720.08,0.0379183649118804
720.1,0.0381905297266237
720.12,0.0384626945413669
720.14,0.0387348593561101
720.16,0.0390070241708534
720.18,0.0392791889855966
720.2,0.0395513538003414
720.22,0.0398235186150846
720.24,0.0400956834298279
720.26,0.0403678482445711
720.28,0.0406400130593143
720.3,0.0409121778740576
720.32,0.0411843426888024
720.34,0.0414565075035456
720.36,0.0417286723182888
720.38,0.0420176879269997
720.4,0.042417414868747
720.42,0.0428171418104942
720.44,0.0432168687522438
720.46,0.043616595693991
720.48,0.0440163226357383
720.5,0.0444160495774855
720.52,0.0448157765192327
720.54,0.04521550346098
720.56,0.0456152304027272
720.58,0.0460149573444768
720.6,0.046414684286224
720.62,0.0468144112279713
720.64,0.0472141381697185
720.66,0.0476138651114658
720.68,0.048013592053213
720.7,0.0484133189949625
720.72,0.0488130459367098
720.74,0.049212772878457
720.76,0.0496124998202043
720.78,0.0500122267619515
720.8,0.0504119537036988
720.82,0.0508116806454483
720.84,0.0512114075871955
720.86,0.0516111345289428
720.88,0.0520108614706901
720.9,0.0524105884124373
720.92,0.0527821788970111
720.94,0.0531486772828166
720.96,0.05351517566862
720.98,0.0538816740544235
721,0.0542481724402268
721.02,0.0546146708260302
721.04,0.0549811692118336
721.06,0.055347667597637
721.08,0.0557141659834425
721.1,0.0560806643692459
721.12,0.0564471627550494
721.14,0.0568136611408527
721.16,0.0571801595266561
721.18,0.0575466579124595
721.2,0.057913156298265
721.22,0.0582796546840684
721.24,0.0586461530698718
721.26,0.0590126514556751
721.28,0.0593791498414785
721.3,0.059745648227282
721.32,0.0601121466130874
721.34,0.0604786449988908
721.36,0.0608451433846942
721.38,0.0612116417704976
721.4,0.061578140156301
721.42,0.0619446385421044
721.44,0.0623111369279099
721.46,0.0626776353137133
721.48,0.0630160402588518
721.5,0.0632135479024442
721.52,0.0634110555460365
721.54,0.0636085631896288
721.56,0.0638060708332212
721.58,0.0640035784768147
721.6,0.064201086120407
721.62,0.0643985937639994
721.64,0.0645961014075918
721.66,0.0647936090511841
721.68,0.0649911166947765
721.7,0.06518862433837
721.72,0.0653861319819623
721.74,0.0655836396255547
721.76,0.065781147269147
721.78,0.0659786549127394
721.8,0.0661761625563317
721.82,0.0663736701999252
721.84,0.0665711778435176
721.86,0.0667686854871099
721.88,0.0669661931307022
721.9,0.0671637007742947
721.92,0.067361208417887
721.94,0.0675587160614805
721.96,0.0677562237050728
721.98,0.0679537313486652
722,0.0681512389922575
722.02,0.0683487466358499
722.04,0.0685462542794422
722.06,0.0687437619230346
722.08,0.068941269566628
722.1,0.0691387772102204
722.12,0.0693362848538128
722.14,0.0695337924974052
722.16,0.0697313001409975
722.18,0.0699288077845898
722.2,0.0701263154281833
722.22,0.0703238230717756
722.24,0.070521330715368
722.26,0.0707188383589604
722.28,0.0709163460025528
722.3,0.0711138536461451
722.32,0.0713113612897385
722.34,0.0714852967518002
722.36,0.0714534080994709
722.38,0.0714215194471417
722.4,0.0713896307948125
722.42,0.0713577421424832
722.44,0.0713258534901537
722.46,0.0712939648378245
722.48,0.0712620761854953
722.5,0.0712301875331661
722.52,0.0711982988808368
722.54,0.0711664102285075
722.56,0.0711345215761783
722.58,0.0711026329238489
722.6,0.0710707442715196
722.62,0.0710388556191903
722.64,0.0710069669668611
722.66,0.0709750783145319
722.68,0.0709431896622026
722.7,0.0709113010098732
722.72,0.0708794123575439
722.74,0.0708475237052146
722.76,0.0708156350528855
722.78,0.0707837464005562
722.8,0.0707518577482269
722.82,0.0707199690958975
722.84,0.0706880804435682
722.86,0.070656191791239
722.88,0.0706243031389098
722.9,0.0705924144865805
722.92,0.0705605258342512
722.94,0.0705286371819218
722.96,0.0704967485295925
722.98,0.0704648598772633
723,0.0704329712249341
723.02,0.0704010825726048
723.04,0.0703691939202756
723.06,0.0703373052679463
723.08,0.0703054166156168
723.1,0.0702735279632877
723.12,0.0702416393109584
723.14,0.0702097506586292
723.16,0.0701778620062999
723.18,0.0701459733539707
723.2,0.0701140847016413
723.22,0.0700821960493119
723.24,0.0700503073969827
723.26,0.0700184187446535
723.28,0.0699865300923243
723.3,0.069954641439995
723.32,0.0699227527876655
723.34,0.0698908641353363
723.36,0.0698589754830071
723.38,0.0698270868306777
723.4,0.0697459920875884
723.42,0.0695906478231424
723.44,0.0694353035586955
723.46,0.0692799592942497
723.48,0.0691246150298037
723.5,0.0689692707653578
723.52,0.0688139265009119
723.54,0.0686585822364659
723.56,0.06850323797202
723.58,0.0683478937075732
723.6,0.0681925494431272
723.62,0.0680372051786813
723.64,0.0678818609142354
723.66,0.0677265166497894
723.68,0.0675711723853435
723.7,0.0674158281208966
723.72,0.0672604838564508
723.74,0.0671051395920048
723.76,0.0669497953275588
723.78,0.0667944510631129
723.8,0.066639106798667
723.82,0.0664837625342202
723.84,0.0663284182697742
723.86,0.0661730740053283
723.88,0.0660177297408824
723.9,0.0658623854764364
723.92,0.0657070412119904
723.94,0.0655516969475437
723.96,0.0653963526830977
723.98,0.0652410084186518
724,0.0650856641542059
724.02,0.0649303198897599
724.04,0.064774975625314
724.06,0.0646196313608681
724.08,0.0644642870964213
724.1,0.0643089428319753
724.12,0.0641535985675293
724.14,0.0639982543030835
724.16,0.0638429100386375
724.18,0.0636875657741915
724.2,0.0635322215097448
724.22,0.0633768772452988
724.24,0.0632215329808529
724.26,0.063066188716407
724.28,0.062910844451961
724.3,0.0627555001875151
724.32,0.0626001559230683
724.34,0.0624448116586223
724.36,0.0622894673941764
724.38,0.0621341231297304
724.4,0.0619787788652845
724.42,0.0618234346008386
724.44,0.0616680903363918
724.46,0.0614486708628268
724.48,0.0611956628146524
724.5,0.0609426547664781
724.52,0.0606896467183038
724.54,0.0604366386701294
724.56,0.060183630621955
724.58,0.0599306225737793
724.6,0.0596776145256049
724.62,0.0594246064774305
724.64,0.0591715984292562
724.66,0.0589185903810819
724.68,0.0586655823329075
724.7,0.0584125742847317
724.72,0.0581595662365574
724.74,0.057906558188383
724.76,0.0576535501402087
724.78,0.0574005420920343
724.8,0.05714753404386
724.82,0.0568945259956842
724.84,0.0566415179475099
724.86,0.0563885098993355
724.88,0.0561355018511612
724.9,0.0558824938029868
724.92,0.0556294857548125
724.94,0.0553764777066367
724.96,0.0551234696584624
724.98,0.054870461610288
725,0.0546174535621137
725.02,0.0543644455139393
725.04,0.054111437465765
725.06,0.0538584294175907
725.08,0.0536054213694148
725.1,0.0533524133212405
725.12,0.0530994052730662
725.14,0.0528463972248918
725.16,0.0525933891767175
725.18,0.0523403811285431
725.2,0.0520873730803673
725.22,0.051834365032193
725.24,0.0515813569840187
725.26,0.0513283489358443
725.28,0.0510753408876699
725.3,0.0508223328394956
725.32,0.0506183217690092
725.34,0.0504677530946041
725.36,0.0503171844201991
725.38,0.050166615745794
725.4,0.050016047071389
725.42,0.0498654783969839
725.44,0.0497149097225779
725.46,0.0495643410481729
725.48,0.0494137723737678
725.5,0.0492632036993628
725.52,0.0491126350249577
725.54,0.0489620663505526
725.56,0.0488114976761476
725.58,0.0486609290017416
725.6,0.0485103603273366
725.62,0.0483597916529315
725.64,0.0482092229785264
725.66,0.0480586543041214
725.68,0.0479080856297163
725.7,0.0477575169553104
725.72,0.0476069482809053
725.74,0.0474563796065003
725.76,0.0473058109320952
725.78,0.0471552422576901
725.8,0.047004673583285
725.82,0.0468541049088791
725.84,0.046703536234474
725.86,0.046552967560069
725.88,0.0464023988856639
725.9,0.0462518302112589
725.92,0.0461012615368538
725.94,0.0459506928624479
725.96,0.0458001241880428
725.98,0.0456495555136378
726,0.0454989868392327
726.02,0.0453484181648276
726.04,0.0451978494904225
726.06,0.0450472808160175
726.08,0.0448967121416116
726.1,0.0447461434672065
726.12,0.0445955747928014
726.14,0.0444450061183964
726.16,0.0442944374439913
726.18,0.0441438687695862
726.2,0.0439933000951803
726.22,0.0438427314207752
726.24,0.0436921627463702
726.26,0.0435415940719651
726.28,0.04339102539756
726.3,0.043240456723155
726.32,0.043089888048749
726.34,0.042939319374344
726.36,0.0427887506999389
726.38,0.0426863222391965
726.4,0.0426010468874767
726.42,0.042515771535757
726.44,0.0424304961840368
726.46,0.0423452208323171
726.48,0.0422599454805974
726.5,0.0421746701288776
726.52,0.0420893947771579
726.54,0.0420041194254381
726.56,0.0419188440737184
726.58,0.0418335687219982
726.6,0.0417482933702785
726.62,0.0416630180185588
726.64,0.0415777426668391
726.66,0.0414924673151194
726.68,0.0414071919633996
726.7,0.0413219166116794
726.72,0.0412366412599596
726.74,0.04115136590824
726.76,0.0410660905565202
726.78,0.0409808152048005
726.8,0.0408955398530808
726.82,0.0408102645013605
726.84,0.0407249891496408
726.86,0.0406397137979211
726.88,0.0405544384462013
726.9,0.0404691630944816
726.92,0.0403838877427619
726.94,0.0402986123910417
726.96,0.040213337039322
726.98,0.0401280616876022
727,0.0400427863358825
727.02,0.0399575109841628
727.04,0.039872235632443
727.06,0.0397869602807233
727.08,0.0397016849290031
727.1,0.0396164095772834
727.12,0.0395311342255636
727.14,0.0394458588738439
727.16,0.0393605835221242
727.18,0.0392753081704045
727.2,0.0391900328186843
727.22,0.0391047574669645
727.24,0.0390194821152448
727.26,0.0389342067635251
727.28,0.0388489314118053
727.3,0.0387636560600856
727.32,0.0386783807083654
727.34,0.0385931053566457
727.36,0.0385078300049259
727.38,0.0384225546532062
727.4,0.0383372793014864
727.42,0.0382528346196275
727.44,0.0382177577600379
727.46,0.0381826809004485
727.48,0.0381476040408592
727.5,0.0381125271812698
727.52,0.0380774503216805
727.54,0.0380423734620911
727.56,0.0380072966025018
727.58,0.0379722197429122
727.6,0.0379371428833228
727.62,0.0379020660237335
727.64,0.0378669891641441
727.66,0.0378319123045547
727.68,0.0377968354449654
727.7,0.0377617585853758
727.72,0.0377266817257865
727.74,0.0376916048661971
727.76,0.0376565280066077
727.78,0.0376214511470184
727.8,0.0375863742874289
727.82,0.0375512974278395
727.84,0.03751622056825
727.86,0.0374811437086607
727.88,0.0374460668490714
727.9,0.037410989989482
727.92,0.0373759131298926
727.94,0.037340836270303
727.96,0.0373057594107137
727.98,0.0372706825511243
728,0.0372356056915349
728.02,0.0372005288319456
728.04,0.0371654519723562
728.06,0.0371303751127668
728.08,0.0370952982531773
728.1,0.0370602213935879
728.12,0.0370251445339986
728.14,0.0369900676744092
728.16,0.0369549908148198
728.18,0.0369199139552305
728.2,0.0368848370956409
728.22,0.0368497602360516
728.24,0.0368146833764622
728.26,0.0367796065168728
728.28,0.0367445296572835
728.3,0.0367094527976941
728.32,0.0366743759381046
728.34,0.0366392990785152
728.36,0.0366042222189258
728.38,0.0365691453593365
728.4,0.0365340684997471
728.42,0.0364989916401578
728.44,0.0364639147805682
728.46,0.0364288379209788
728.48,0.0364059245370265
728.5,0.0364099114599193
728.52,0.0364138983828122
728.54,0.0364178853057052
728.56,0.0364218722285981
728.58,0.036425859151491
728.6,0.0364298460743839
728.62,0.0364338329972768
728.64,0.0364378199201697
728.66,0.0364418068430626
728.68,0.0364457937659555
728.7,0.0364497806888484
728.72,0.0364537676117414
728.74,0.0364577545346343
728.76,0.0364617414575272
728.78,0.0364657283804201
728.8,0.036469715303313
728.82,0.0364737022262059
728.84,0.0364776891490988
728.86,0.0364816760719918
728.88,0.0364856629948846
728.9,0.0364896499177775
728.92,0.0364936368406704
728.94,0.0364976237635634
728.96,0.0365016106864563
728.98,0.0365055976093492
729,0.0365095845322421
729.02,0.036513571455135
729.04,0.0365175583780279
729.06,0.0365215453009208
729.08,0.0365255322238137
729.1,0.0365295191467067
729.12,0.0365335060695996
729.14,0.0365374929924925
729.16,0.0365414799153854
729.18,0.0365454668382783
729.2,0.0365494537611712
729.22,0.0365534406840641
729.24,0.036557427606957
729.26,0.03656141452985
729.28,0.0365654014527428
729.3,0.0365693883756357
729.32,0.0365733752985287
729.34,0.0365773622214216
729.36,0.0365813491443145
729.38,0.0365853360672074
729.4,0.0365893229901003
729.42,0.0365933099129932
729.44,0.0365972968358861
729.46,0.036601283758779
729.48,0.036605270681672
729.5,0.0366092576045649
729.52,0.0366132445274578
729.54,0.0366226552185706
729.56,0.0366354140301248
729.58,0.0366481728416791
729.6,0.0366609316532333
729.62,0.0366736904647875
729.64,0.0366864492763417
729.66,0.036699208087896
729.68,0.0367119668994502
729.7,0.0367247257110044
729.72,0.0367374845225587
729.74,0.0367502433341129
729.76,0.0367630021456671
729.78,0.0367757609572213
729.8,0.0367885197687756
729.82,0.0368012785803299
729.84,0.036814037391884
729.86,0.0368267962034383
729.88,0.0368395550149925
729.9,0.0368523138265467
729.92,0.036865072638101
729.94,0.0368778314496553
729.96,0.0368905902612094
729.98,0.0369033490727637
730,0.0369161078843179
730.02,0.0369288666958721
730.04,0.0369416255074264
730.06,0.0369543843189806
730.08,0.0369671431305348
730.1,0.0369799019420891
730.12,0.0369926607536433
730.14,0.0370054195651975
730.16,0.0370181783767517
730.18,0.037030937188306
730.2,0.0370436959998602
730.22,0.0370564548114145
730.24,0.0370692136229687
730.26,0.0370819724345229
730.28,0.0370947312460771
730.3,0.0371074900576313
730.32,0.0371202488691856
730.34,0.0371330076807398
730.36,0.0371457664922941
730.38,0.0371585253038483
730.4,0.0371712841154025
730.42,0.0371840429269567
730.44,0.037196801738511
730.46,0.0372095605500652
730.48,0.0372223193616195
730.5,0.0372350781731736
730.52,0.0372478369847279
730.54,0.0372605957962821
730.56,0.0372733546078363
730.58,0.0372861134193906
730.6,0.0373262585317207
730.62,0.0373685294314198
730.64,0.0374108003311191
730.66,0.0374530712308184
730.68,0.0374953421305176
730.7,0.0375376130302171
730.72,0.0375798839299163
730.74,0.0376221548296156
730.76,0.0376644257293147
730.78,0.0377066966290139
730.8,0.0377489675287133
730.82,0.0377912384284127
730.84,0.037833509328112
730.86,0.0378757802278112
730.88,0.0379180511275104
730.9,0.0379603220272097
730.92,0.0380025929269089
730.94,0.0380448638266083
730.96,0.0380871347263075
730.98,0.0381294056260068
731,0.0381716765257061
731.02,0.0382139474254053
731.04,0.0382562183251045
731.06,0.0382984892248037
731.08,0.0383407601245032
731.1,0.0383830310242024
731.12,0.0384253019239017
731.14,0.0384675728236009
731.16,0.0385098437233001
731.18,0.0385521146229994
731.2,0.0385943855226988
731.22,0.0386366564223981
731.24,0.0386789273220973
731.26,0.0387211982217965
731.28,0.0387634691214958
731.3,0.038805740021195
731.32,0.0388480109208945
731.34,0.0388902818205937
731.36,0.0389325527202929
731.38,0.0389748236199922
731.4,0.0390170945196914
731.42,0.0390593654193906
731.44,0.0391016363190901
731.46,0.0391439072187894
731.48,0.0391861781184886
731.5,0.0392284490181878
731.52,0.0392707199178871
731.54,0.0393129908175863
731.56,0.0393552617172855
731.58,0.039397532616985
731.6,0.0394398035166842
731.62,0.0394820744163835
731.64,0.0395152510135954
731.66,0.0395206685838227
731.68,0.0395260861540501
731.7,0.0395315037242775
731.72,0.0395369212945048
731.74,0.0395423388647322
731.76,0.0395477564349595
731.78,0.0395531740051868
731.8,0.0395585915754142
731.82,0.0395640091456415
731.84,0.0395694267158688
731.86,0.0395748442860962
731.88,0.0395802618563235
731.9,0.0395856794265509
731.92,0.0395910969967782
731.94,0.0395965145670056
731.96,0.039601932137233
731.98,0.0396073497074603
732,0.0396127672776876
732.02,0.039618184847915
732.04,0.0396236024181423
732.06,0.0396290199883697
732.08,0.039634437558597
732.1,0.0396398551288243
732.12,0.0396452726990516
732.14,0.039650690269279
732.16,0.0396561078395063
732.18,0.0396615254097337
732.2,0.039666942979961
732.22,0.0396723605501884
732.24,0.0396777781204157
732.26,0.039683195690643
732.28,0.0396886132608704
732.3,0.0396940308310977
732.32,0.0396994484013251
732.34,0.0397048659715524
732.36,0.0397102835417797
732.38,0.0397157011120071
732.4,0.0397211186822344
732.42,0.0397265362524618
732.44,0.0397319538226891
732.46,0.0397373713929164
732.48,0.0397427889631438
732.5,0.0397482065333711
732.52,0.0397536241035985
732.54,0.0397590416738258
732.56,0.0397644592440531
732.58,0.0397698768142805
732.6,0.0397752943845079
732.62,0.0397807119547352
732.64,0.0397861295249626
732.66,0.0397915470951898
732.68,0.0397969646654172
732.7,0.0398023822356446
732.72,0.0398077998058719
732.74,0.0398132173760993
732.76,0.0398186349463266
732.78,0.039824052516554
732.8,0.0398294700867813
732.82,0.0398348876570087
732.84,0.0398403052272359
732.86,0.0398457227974633
732.88,0.0398511403676906
732.9,0.039856557937918
732.92,0.0398619755081453
732.94,0.0398673930783727
732.96,0.0398728106486
732.98,0.0398782282188274
733,0.0398836457890547
