 609.49995204805236426 -55.039348401624010876 
 609.9999519586453971 236.5200753684330266 
 610.49995186923842994 221.94059151675901376 
 610.99995177983146277 339.22271067628753372 
 611.49995169042449561 567.36694118681771215 
 611.99995160101752845 -53.626210892478411552 
 612.49995151161056128 -31.75624177094141487 
 612.99995142220359412 -131.02264991455740528 
 613.49995133279662696 103.57506396602911991 
 613.99995124338965979 -284.96260307270131307 
 614.49995115398269263 -437.6351561951887561 
 614.99995106457572547 113.55789722490953864 
 615.4999509751687583 -218.38295238386126584 
 615.99995088576179114 -73.457216778864676598 
 616.49995079635482398 -249.66440989209149848 
 616.99995070694785682 -283.00404781856923364 
 617.49995061754088965 69.52435119485744508 
 617.99995052813392249 105.9212667608371703 
 618.49995043872695533 -142.81282363685022574 
 618.99995034931998816 60.322555367085442413 
  619.499950259913021 -88.672122968731855508 
 619.99995017050605384 -429.79638748169236351 
 620.49995008109908667 -33.049769094068324193 
 620.99994999169211951 10.568199197667127009 
 621.49994990228515235 -430.94201766590413172 
 621.99994981287818518 -203.57995679700979963 
 622.49994972347121802 265.65484265052509727 
 622.99994963406425086 273.76283949178468902 
 623.4999495446572837 178.74449052120326087 
 623.99994945525031653 281.60025052334094653 
 624.49994936584334937 15.330572283037326997 
 624.99994927643638221 -138.06409340416576015 
 625.49994918702941504 206.41670227842041641 
 625.99994909762244788 221.77340617914887844 
 626.49994900821548072 120.00646318749932107 
 626.99994891880851355 19.116316244948393432 
 627.49994882940154639 159.10340635454849689 
 627.99994873999457923 -92.03182740860938793 
 628.49994865058761206 -149.2889478878933005 
 628.9999485611806449 366.33248016500874655 
 629.49994847177367774 130.83289010009320918 
 629.99994838236671058 379.2127133784306352 
 630.49994829295974341 289.4723795820173109 
 630.99994820355277625  68.6123164238561003 
 631.49994811414580909 561.63294975671669818 
 631.99994802473884192 1419.5347035836566647 
 632.49994793533187476 1802.3180000667234708 
 632.9999478459249076 2934.9832595369152841 
 633.49994775651794043 5217.5309005031667766 
 633.99994766711097327 6744.9613396620297863 
 634.49994757770400611 9105.2749919067973678 
 634.99994748829703894 11809.472270336467773 
 635.49994739889007178 13711.553586265432386 
 635.99994730948310462 16379.519349232119566 
 636.49994722007613746 18839.369967008275125 
 636.99994713066917029 21582.105845607944502 
 637.49994704126220313 22803.727389296436741 
 637.99994695185523597 22006.235000598902843 
 638.4999468624482688 21055.629080309860001 
 638.99994677304130164 19531.910027501162403 
 639.49994668363433448 17576.078239531554573 
 639.99994659422736731 15202.134112054714933 
 640.49994650482040015 12407.078039028176136 
 640.99994641541343299 10604.910412721848843 
 641.49994632600646582 9410.6316237268038094 
 641.99994623659949866 7485.2420609631590196 
 642.4999461471925315 7313.742111689360172 
 642.99994605778556434 7050.1321615096785536 
 643.49994596837859717 6757.4125943833132624 
 643.99994587897163001 6924.5837926323292777 
 644.49994578956466285 7552.6461369496209954 
 644.99994570015769568 8504.6000064077852585 
 645.49994561075072852 9835.4457784667793021 
 645.99994552134376136 10856.183828982037085 
 646.49994543193679419 12300.814532212771155 
 646.99994534252982703 13559.338260829783394 
 647.49994525312285987 14413.755385923508584 
 647.9999451637158927 14718.066277011908824 
 648.49994507430892554 14382.271302048422513 
 648.99994498490195838 13674.370827429378551 
 649.49994489549499121 12611.365218002545589 
 649.99994480608802405 10911.254837074164243 
 650.49994471668105689 9685.0400464168778853 
 650.99994462727408973 8768.7212062776488892 
 651.49994453786712256 7305.2986753847908403 
 651.9999444484601554 6617.7728109560121084 
 652.49994435905318824 6017.1439687058154959 
 652.99994426964622107 5500.4125028528651455 
 653.49994418023925391 5232.5787661273825506 
 653.99994409083228675 5046.6431097787208273 
 654.49994400142531958 4833.605883582666138 
 654.99994391201835242 4662.4674358484371623 
 655.49994382261138526 4697.2281134264740103 
 655.99994373320441809 4834.8882617151502927 
 656.49994364379745093 4983.4482246684056008 
 656.99994355439048377 5353.9083448023702658 
 657.49994346498351661 5344.2689632029323548 
 657.99994337557654944 6003.5304195326280023 
 658.49994328616958228 5786.6930520374226035 
 658.99994319676261512 5969.7571975541686697 
 659.49994310735564795 5756.7231915170195862 
 659.99994301794868079 5781.5913679647455865 
 660.49994292854171363 5541.3620595472093555 
 660.99994283913474646 5576.0355975327292981 
 661.4999427497277793 5519.6123118143041211 
 661.99994266032081214 5124.0925309164704231 
 662.49994257091384497 5228.4765820024040295 
 662.99994248150687781 5641.7647908800317964 
 663.49994239209991065 5606.9574820091365837 
 663.99994230269294349 5014.0549785075163527 
 664.49994221328597632 4646.0576021579472581 
 664.99994212387900916 4623.9656734143536596 
  665.499942034472042 5156.7795114085529349 
 665.99994194506507483 5191.4994339564982511 
 666.49994185565810767 5210.125757564943342 
 666.99994176625114051 5202.6587974374124315 
 667.49994167684417334 5148.0988674809414078 
 667.99994158743720618 5036.4462803121059551 
 668.49994149803023902 5036.701347263489879 
 668.99994140862327185 5078.864378389713238 
 669.49994131921630469 5330.9356824738424621 
 669.99994122980933753 5219.9155670332620502 
 670.49994114040237037 5014.8043383260446717 
 670.9999410509954032 5533.602301357073884 
 671.49994096158843604 5976.3097598839412967 
 671.99994087218146888 5609.9270164228983049 
 672.49994078277450171 5960.454372255178896 
 672.99994069336753455 6182.8921274325912236 
 673.49994060396056739 6296.2405807837640168 
 673.99994051455360022 6233.5000299196581182 
 674.49994042514663306 6295.6707712398419972 
 674.9999403357396659 6685.7530999379850982 
 675.49994024633269873 6317.7473100079478172 
 675.99994015692573157 5821.6536942492093658 
 676.49994006751876441 5715.4725442728959024 
 676.99993997811179725 5575.2041505071611027 
 677.49993988870483008 5474.8488022033779998 
 677.99993979929786292 5628.4067874410357035 
 678.49993970989089576 5560.8783931340622075 
 678.99993962048392859 5543.2639050359684916 
 679.49993953107696143 5305.5636077454764745 
 679.99993944166999427 5145.7777847120487422 
 680.4999393522630271 5073.906718241465569 
 680.99993926285605994 5789.9506895011072629 
 681.49993917344909278 5768.9099785255129973 
 681.99993908404212561 5518.7848642216231383 
 682.49993899463515845 5648.5756243743599043 
 682.99993890522819129 6331.2825356517714681 
 683.49993881582122413 6071.9058736103943374 
 683.99993872641425696 5957.4459127005393384 
 684.4999386370072898 5866.9029262715594086 
 684.99993854760032264 5576.2771865769936994 
 685.49993845819335547 5707.5689647797626094 
 685.99993836878638831 5470.7785309574937855 
 686.49993827937942115 5197.9061541073788248 
 686.99993818997245398 5331.952102151553845 
 687.49993810056548682 6046.9166419419561862 
 687.99993801115851966 5812.8000392654175812 
 688.49993792175155249 5760.6025588488955691 
 688.99993783234458533 5688.3244643641373841 
 689.49993774293761817 5503.9660184328640753 
  689.999937653530651 5406.5274826316308463 
 690.49993756412368384 5188.0091174968874839 
 690.99993747471671668 5153.4111825294930895 
 691.49993738530974952 4949.733936200143944 
 691.99993729590278235 5238.977635953531717 
 692.49993720649581519 4822.1425382138513669 
 692.99993711708884803 4796.2288983889484371 
 693.49993702768188086 4584.2369708755031752 
 693.9999369382749137 5000.1670090636580426 
 694.49993684886794654 4908.0192653415288078 
 694.99993675946097937 4829.7939911001776636 
 695.49993667005401221 4914.4914367380042677 
 695.99993658064704505 5192.1118516657079454 
 696.49993649124007788 5116.6554843104240717 
 696.99993640183311072 5141.1225821206789988 
 697.49993631242614356 4684.5133915708320274 
 697.9999362230191764 4529.8281581655792252 
 698.49993613361220923 4276.0671264444645203 
 698.99993604420524207 4924.2305399863907951 
 699.49993595479827491  5094.31864141407641 
 699.99993586539130774 4668.331672398478986 
 700.49993577598434058 4556.2698736630845815 
 700.99993568657737342 4666.1334849885643052 
 701.49993559717040625 4515.9227452168452146 
 701.99993550776343909 4167.6378922557451006 
 702.49993541835647193 4109.2791630829124188 
 702.99993532894950476 4179.8467937506029557 
 703.4999352395425376 4372.341019389397843 
 703.99993515013557044 4589.7620742130566214 
 704.49993506072860328 4049.1101915220679075 
 704.99993497132163611 4447.3856037085715798 
 705.49993488191466895 4061.5885422598330479 
 705.99993479250770179 4111.7192377629762632 
 706.49993470310073462 3776.7779199088945461 
 706.99993461369376746 3824.7648174961141194 
 707.4999345242868003 4108.6801584355544037 
 707.99993443487983313 3836.5241697537076107 
 708.49993434547286597 4306.2970775975045399 
 708.99993425606589881 4447.999107237890712 
 709.49993416665893164 3984.6304830737662996 
 709.99993407725196448 4089.1914286364462896 
 710.49993398784499732 4158.6821665931620373 
 710.99993389843803016 4502.1029187510703196 
 711.49993380903106299 4248.4539060614642949 
 711.99993371962409583 4025.7353486234605953 
 712.49993363021712867 4276.9474656877027883 
 712.9999335408101615 4163.0904756606432784 
 713.49993345140319434 4271.1645961080939742 
 713.99993336199622718 4357.1700437591243826 
 714.49993327258926001 4119.1070345098050893 
 714.99993318318229285 4088.975783427054921 
 715.49993309377532569 4384.7765047525335831 
 715.99993300436835852 4297.5094119059849618 
 716.49993291496139136 4145.174717489433533 
 716.9999328255544242 4011.7726332906095195 
 717.49993273614745704 4030.3033702865850501 
 717.99993264674048987 3829.7671386476813495 
 718.49993255733352271 4063.1641477408484207 
 718.99993246792655555 4206.4946061335140257 
 719.49993237851958838 4426.7587215971088881 
 719.99993228911262122 4610.9567011105500569 
 720.49993219970565406 4313.0887508639916632 
 720.99993211029868689 4278.1550762621136528 
 721.49993202089171973 4237.1558819281217438 
 721.99993193148475257 3873.0913717067105608 
 722.4999318420777854 3619.9617486678653222 
 722.99993175267081824 3416.7672151104034128 
 723.49993166326385108 3296.507972565243108 
 723.99993157385688392 3381.1842217989014898 
 724.49993148444991675 3946.7961628169559845 
 724.99993139504294959 4084.3439948674586049 
 725.49993130563598243 3683.8279164443447371 
 725.99993121622901526 3576.2481252907255111 
 726.4999311268220481 3219.6048184021383349 
 726.99993103741508094 3958.8981920303012885 
 727.49993094800811377 4348.1284416859543853 
 727.99993085860114661 3980.2957621424029639 
 728.49993076919417945 3575.4003474387791357 
 728.99993067978721228 3294.4423908833741734 
 729.49993059038024512 3040.4220850566580339 
 729.99993050097327796 3083.3396218148500338 
 730.4999304115663108 3608.1951922928474232 
 730.99993032215934363 3998.9889869074995659 
 731.49993023275237647 3524.7211953609275952 
 731.99993014334540931 3678.3920066435111949 
 732.49993005393844214 3441.0016090372701001 
 732.99992996453147498 3367.5501901186671603 
 733.49992987512450782 3571.0379367621153506 
 733.99992978571754065 3317.4650351428044814 
 734.49992969631057349 3507.8316707398043945 
 734.99992960690360633 3391.138028339288212 
 735.49992951749663916 3475.3842920376027905 
  735.999929428089672 2989.5706452440335852 
 736.49992933868270484 3338.6972706842243497 
 736.99992924927573767 3470.7643504027473682 
 737.49992915986877051 3540.7720657664995088 
 737.99992907046180335 3562.7205974676016922 
 738.49992898105483619 3631.6101255260855396 
 738.99992889164786902 3498.4408292931366304 
 739.49992880224090186 3323.2128874539557728 
 739.9999287128339347 3157.9264780306129978 
 740.49992862342696753 3326.581778385083453 
 740.99992853402000037 3141.1789652219613345 
 741.49992844461303321 2904.7182145915394358 
 741.99992835520606604 2844.199701892430312 
 742.49992826579909888 3076.6236018746621994 
 742.99992817639213172 2902.9900886423929478 
 743.49992808698516455 3228.2993356567058072 
 743.99992799757819739 3428.5515157384543272 
 744.49992790817123023 3274.7468010710945236 
 744.99992781876426307 3296.8853632032733003 
 745.4999277293572959 3126.9673730519025412 
 745.99992763995032874 3150.9930009046802297 
 746.49992755054336158 3015.962416422811657 
 746.99992746113639441 2846.8757886438688729 
 747.49992737172942725 3112.7332859844900668 
 747.99992728232246009 2962.5350762429479801 
 748.49992719291549292 2675.2813266018856666 
 748.99992710350852576 2749.9722036310540716 
 749.4999270141015586 2797.607873289814961 
 749.99992692469459143 2876.1885009300203819 
 750.49992683528762427 3439.7142512984246423 
 750.99992674588065711 3212.1852885393363977 
 751.49992665647368995 2948.6017761974180758 
 751.99992656706672278 2978.9638772198577499 
 752.49992647765975562 2886.271753959434136 
 752.99992638825278846 3154.5255681767284841 
 753.49992629884582129 3406.7254810428530618 
 753.99992620943885413 3460.8716531418940576 
 754.49992612003188697 3469.9642444734654418 
 754.9999260306249198 3304.0034144553210353 
 755.49992594121795264 2922.9893219255973236 
 755.99992585181098548 3035.922125145634709 
 756.49992576240401831 2985.8019818021621177 
 756.99992567299705115 3194.6290490100345778 
 757.49992558359008399 3335.4034833143432479 
 757.99992549418311683 3274.1254406931893755 
 758.49992540477614966 3268.7950765598598082 
 758.9999253153691825 3522.4125457655318314 
 759.49992522596221534 3845.9780026012267626 
 759.99992513655524817 3791.4916008006966877 
 760.49992504714828101 3304.9534935424417199 
 760.99992495774131385 3361.3638334523275262 
 761.49992486833434668 3348.7227726056971733 
 761.99992477892737952 3425.0304625298977044 
 762.49992468952041236 3187.2870542066157213 
 762.99992460011344519 3036.4926980740983709 
 763.49992451070647803 3405.6475440294143482 
 763.99992442129951087 3245.7517414309404558 
 764.49992433189254371 2931.8054391006498918 
 764.99992424248557654 3023.8087853261004057 
 765.49992415307860938 3217.7619278629827022 
 765.99992406367164222 2656.6650139373268757 
 766.49992397426467505 2953.5181902476033429 
 766.99992388485770789 3064.3216029671475553 
 767.49992379545074073 2759.0753977462336479 
 767.99992370604377356 3011.7797197143809171 
 768.4999236166368064 2812.434713482422012 
 768.99992352722983924 2716.0405231448676204 
 769.49992343782287207 2570.5972922820474196 
 769.99992334841590491 2441.1051639620454807 
 770.49992325900893775 2591.5642807431850088 
 770.99992316960197059 2462.9747846760838002 
 771.49992308019500342 2585.3368173055096122 
 771.99992299078803626 2442.6505196729849558 
 772.4999229013810691 2543.9160323184805748 
 772.99992281197410193 2443.1334952828474343 
 773.49992272256713477 2238.3030481095447612 
 773.99992263316016761 2499.4248298471575254 
 774.49992254375320044 2469.4989790510880994 
 774.99992245434623328 2395.5256337858681945 
 775.49992236493926612 2553.5049316270778945 
 775.99992227553229895 2649.4370096634884248 
 776.49992218612533179 2849.3220044990557653 
 776.99992209671836463 2870.1600522549488232 
 777.49992200731139746 2991.9512885713957075 
 777.9999219179044303 2879.6958486100975279 
 778.49992182849746314 2950.3938670558745798 
 778.99992173909049598 2726.0454781186526816 
 779.49992164968352881 2804.6508155356841598 
 779.99992156027656165 3013.2100125733268214 
 780.49992147086959449 2876.7232020290721266 
 780.99992138146262732 2756.1905162333969201 
 781.49992129205566016 2822.612087051897106 
  781.999921202648693 2679.9880458869993163 
 782.49992111324172583 2629.3185236799890845 
 782.99992102383475867 2692.6036509130044578 
 783.49992093442779151 2816.8435576107840461 
 783.99992084502082434 2979.0383733425587707 
 784.49992075561385718 2858.1882272241309693 
 784.99992066620689002 2345.2932479195333144 
 785.49992057679992286 2597.353563642998779 
 785.99992048739295569 2442.3693021609105926 
 786.49992039798598853 2403.3405907933120034 
 786.99992030857902137 2079.2675564162382216 
 787.4999202191720542 2137.150325463127956 
 787.99992012976508704 2558.9890239268170262 
 788.49992004035811988 2775.7837773613809986 
 788.99991995095115271 2434.5347108838468557 
 789.49991986154418555 2522.2419491761465906 
 789.99991977213721839 2591.9056164866960899 
 790.49991968273025122 2431.5258366323105292 
 790.99991959332328406 2583.1027329999487847 
 791.4999195039163169 2582.6364285485415166 
 791.99991941450934974  2213.12704581052094 
 792.49991932510238257 2202.5747068938635493 
 792.99991923569541541 2393.9795334836071561 
 793.49991914628844825 2603.3416468437317235 
 793.99991905688148108 2325.6611678187182406 
 794.49991896747451392 2191.9382168353731686 
 794.99991887806754676 2616.1729139046601631 
 795.49991878866057959 2685.3653786230370315 
 795.99991869925361243 2516.5157301744984579 
 796.49991860984664527 2489.6240873320602986 
 796.9999185204396781 2364.6905684595330968 
 797.49991843103271094 2561.7152915131155169 
 797.99991834162574378 2308.6983740430659964 
 798.49991825221877662 2561.6399331953743967 
 798.99991816281180945 2661.5400857135027763 
 799.49991807340484229 2494.3989479397787363 
 799.99991798399787513 2680.2166358172507898 
 800.49991789459090796 2538.9932648911599244 
 800.9999178051839408 2119.7289503106039774 
 801.49991771577697364 1558.4238068302402098 
 801.99991762637000647 1937.0779488116622815 
 802.49991753696303931 2325.6914902251974127 
 802.99991744755607215 2410.2645446514743526 
 803.49991735814910498 2225.7972252826784825 
 803.99991726874213782 2145.289644924680033 
 804.49991717933517066 2099.7419159980654513 
 804.9999170899282035 2240.1541505400509777 
 805.49991700052123633 2090.5264602058250603 
 805.99991691111426917 1861.8589562700726674 
 806.49991682170730201 1880.1517496286887763 
 806.99991673230033484 1974.4049508001953654 
 807.49991664289336768 2089.6186699272366241 
 807.99991655348640052 2256.7930167780650663 
 808.49991646407943335 2076.9281007481113193 
 808.99991637467246619 1975.0240308615666436 
 809.49991628526549903 2172.0809157725816476 
 809.99991619585853186 1966.0988637670852768 
 810.4999161064515647 1891.0779827640290023 
 810.99991601704459754 2190.0183803169729799 
 811.49991592763763038 2229.9201636154321022 
 811.99991583823066321 2332.7834394864748901 
 812.49991574882369605 2615.6083143961186579 
 812.99991565941672889 2364.394894450704669 
 813.49991557000976172 2405.1432853984315443 
 813.99991548060279456 2253.8535926306485635 
 814.4999153911958274 2205.5259211834600137 
 814.99991530178886023 2229.1603757389930252 
 815.49991521238189307 2137.7570606269182463 
 815.99991512297492591 2471.3160798257467832 
 816.49991503356795874 2456.8375369642053556 
 816.99991494416099158 2417.3215353228551976 
 817.49991485475402442 1537.7681778351307003 
 817.99991476534705725 2218.1775670890601759 
 818.49991467594009009 2784.5498053283390618 
 818.99991458653312293 2286.8849944539142598 
 819.49991449712615577 2215.183236025248334 
 819.9999144077191886 1882.4446312616109935 
 820.49991431831222144 1861.6692810436088621 
 820.99991422890525428 1736.8572859143059759 
 821.49991413949828711 1690.0087460807044408 
 821.99991405009131995 1931.1237614150122681 
 822.49991396068435279 2203.2024314560276252 
 822.99991387127738562 2035.2448554103175411 
 823.49991378187041846 1717.2511321536330797 
 823.9999136924634513 1725.2213602323590749 
 824.49991360305648413 1696.1556378643890639 
 824.99991351364951697 1811.0540629408860696 
 825.49991342424254981 1883.9167330271884566 
 825.99991333483558265 1976.7437453644415655 
 826.49991324542861548 1905.5351968705326726 
 826.99991315602164832 2184.2911841415389063 
 827.49991306661468116 2114.0118034531042213 
 827.99991297720771399 1827.6971507613579888 
 828.49991288780074683 2320.3473217044702324 
 828.99991279839377967 1987.9624116038794455 
 829.4999127089868125 1782.5425154652511992 
 829.99991261957984534 1905.0877279800442921 
 830.49991253017287818 2139.598143526531203 
 830.99991244076591101 1921.0738561711677903 
 831.49991235135894385 1877.5149596696792287 
 831.99991226195197669 1802.9215474683351204 
 832.49991217254500953 1799.2937127051845891 
 832.99991208313804236 1887.6315482110876474 
 833.4999119937310752 2104.9351465112904407 
 833.99991190432410804 2085.2045998260928172 
 834.49991181491714087 2139.4400000725327118 
 834.99991172551017371 1822.6414388652356138 
 835.49991163610320655 1833.8090075177042308 
 835.99991154669623938 1843.9427970435062889 
 836.49991145728927222 1983.0428981573877536 
 836.99991136788230506 1638.1094012764679064 
 837.49991127847533789 1859.1423965214089549 
 837.99991118906837073 1687.1419737175274349 
 838.49991109966140357 1728.1082223958728719 
 838.99991101025443641 1872.0412317945265386 
 839.49991092084746924 1751.9410908596692025 
 839.99991083144050208 1846.8078882465615607 
 840.49991074203353492 1865.6417123209466808 
 840.99991065262656775 1715.4426511599012883 
 841.49991056321960059 1669.2107925531345245 
 841.99991047381263343 1307.9462240039538301 
 842.49991038440566626 1975.649032730530962 
 842.9999102949986991 2866.3193056668242207 
 843.49991020559173194 2507.9571294638244581 
 843.99991011618476477 2808.5625904905118659 
 844.49991002677779761 3176.1357748350528709 
 844.99990993737083045 3052.676768305751466 
 845.49990984796386329 2921.1856564323825296 
 845.99990975855689612 2890.6625244668321102 
 846.49990966914992896 2968.1074573846126441 
 846.9999095797429618 2933.5205398855723615 
 847.49990949033599463 3170.9018563952449767 
 847.99990940092902747 3106.2514910656282154 
 848.49990931152206031 2888.5695277764061757 
 848.99990922211509314 2808.8560501359552291 
 849.49990913270812598 2437.1111414823280938 
 849.99990904330115882 2408.334884884312487 
 850.49990895389419165 2406.5273631425807253 
 850.99990886448722449 2149.6886587904209591 
 851.49990877508025733 1936.8188540951032337 
 851.99990868567329017 1797.9180310586543783 
  852.499908596266323 1773.9862714189021062 
 852.99990850685935584 1627.0236566505827795 
 853.49990841745238868 1668.0302679662618175 
 853.99990832804542151 2000.0061863173250458 
 854.49990823863845435 1664.951492394964589 
 854.99990814923148719 1664.8662666313066438 
 855.49990805982452002 2112.7505892002081964 
 855.99990797041755286 1715.6045400182265439 
 856.4999078810105857 1757.4281987458125514 
 856.99990779160361853 1806.2216447880909982 
 857.49990770219665137 1845.984957295926506 
 857.99990761278968421 1982.7182151667075232 
 858.49990752338271705 2014.421497045619617 
 858.99990743397574988 1679.0948813262712065 
 859.49990734456878272 1733.7384461518540775 
 859.99990725516181556 1786.3522694160456012 
 860.49990716575484839 1912.9364287638454698 
 860.99990707634788123 1998.4910015927125642 
 861.49990698694091407 2037.0160650532889122 
 861.9999068975339469 2260.5116960504274175 
 862.49990680812697974 2273.9779712441504671 
 862.99990671872001258 2061.4149670505648828 
 863.49990662931304541 2283.8227596425986121 
 863.99990653990607825 2441.2014249511921662 
 864.49990645049911109 2008.5510386660698714 
 864.99990636109214392 2164.8716762365947943 
 865.49990627168517676 2105.1634128727837378 
 865.9999061822782096 1733.4263235461221484 
 866.49990609287124244 1665.660482990424498 
 866.99990600346427527 1557.8659657028256333 
 867.49990591405730811 1699.0428459447321075 
 867.99990582465034095 1664.1911977423915232 
 868.49990573524337378 1567.3110948881421791 
 868.99990564583640662 1686.4026109410533536 
 869.49990555642943946 1720.4658192278529896 
 869.99990546702247229 1714.5007928437626106 
 870.49990537761550513 1847.5076046535323258 
 870.99990528820853797 2383.4863272920902091 
 871.4999051988015708 2324.437033165457251 
 871.99990510939460364 2029.3597944516113785 
 872.49990501998763648 2157.2546831013933115 
 872.99990493058066932 2030.1217708393523935 
 873.49990484117370215 1985.9611291643432196 
 873.99990475176673499 1762.7728293507825583 
 874.49990466235976783 1811.5569424490950041 
 874.99990457295280066 1964.3135392867807241 
 875.4999044835458335 1798.0426904692194512 
 875.99990439413886634 1749.7444663802762079 
 876.49990430473189917 1942.4189371834618214 
 876.99990421532493201 1754.0661728224185936 
 877.49990412591796485 2205.6862430220935494 
 877.99990403651099768 1927.2792172891458904 
 878.49990394710403052 1727.8451649129892758 
 878.99990385769706336 1716.3841549666612991 
 879.4999037682900962 1757.8962563074201171 
 879.99990367888312903 1815.3815375776048313 
 880.49990358947616187 1950.8400672055995528 
 880.99990350006919471 2021.2719134063499951 
 881.49990341066222754 1876.677144182354823 
 881.99990332125526038 1988.0558273243059375 
 882.49990323184829322 1909.408030412012522 
 882.99990314244132605 1907.7338208150322316 
 883.49990305303435889 1886.0332656935188425 
 883.99990296362739173 2070.3064319990226068 
 884.49990287422042456 1747.5533864752214868 
 884.9999027848134574 1808.7741956586542074 
 885.49990269540649024 1948.9689258794733178 
 885.99990260599952308 1996.137643262216443 
 886.49990251659255591 2118.2804137266739417 
 886.99990242718558875 1825.3973029884618882 
 887.49990233777862159 1683.4883765598806349 
 887.99990224837165442 1596.553699750576925 
 888.49990215896468726 1628.5933376684115501 
 888.9999020695577201 1885.6073552199941332 
 889.49990198015075293 1848.5958171115998994 
 889.99990189074378577 1852.5587878499118233 
 890.49990180133681861 1757.4963317425426794 
 890.99990171192985144 1949.4085128990100202 
 891.49990162252288428 1915.2953952312691399 
 891.99990153311591712 1767.1570424544606794 
 892.49990144370894996 1627.993518087800112 
 892.99990135430198279 1668.8048854550597753 
 893.49990126489501563 1833.5912076854110637 
 893.99990117548804847 1776.3525477140647126 
 894.4999010860810813 1471.0889682830820675 
 894.99990099667411414 1503.8005319419135049 
 895.49990090726714698 1856.4873010481915117 
 895.99990081786017981 1602.1493377684964798 
 896.49990072845321265 1824.786704078927869 
 896.99990063904624549 1748.3994617657826893 
 897.49990054963927832 1754.9876724264177028 
 897.99990046023231116 1744.5513974696750665 
  898.499900370825344 1876.0906981167554477 
 898.99990028141837684 1988.605635401838299 
 899.49990019201140967 1856.0962701727894455 
 899.99990010260444251 1711.562663091777722 
 900.49990001319747535 1818.0048746359407232 
 900.99989992379050818 1874.4229650980560109 
 901.49989983438354102 1610.816994587343288 
 901.99989974497657386 1225.1870230298954993 
 902.49989965556960669 1479.5331101694409881 
 902.99989956616263953 1452.8553155681347562 
 903.49989947675567237 1447.1536986069822888 
 903.9998993873487052 1603.4283184865671501 
 904.49989929794173804 1100.679234227822235 
 904.99989920853477088 1320.9065046724608692 
 905.49989911912780371 1543.1101884838699334 
 905.99989902972083655 1717.2903441475118598 
 906.49989894031386939 1735.4470299717104353 
 906.99989885090690223 1476.5803040881437482 
 907.49989876149993506 1377.6902244527209405 
 907.9998986720929679 1252.7768488459405489 
 908.49989858268600074 1582.8402348737035936 
 908.99989849327903357 1324.8804399678247137 
 909.49989840387206641 1610.8975213866815466 
 909.99989831446509925 1943.8915362159659708 
 910.49989822505813208 1236.8625413690224377 
 910.99989813565116492 1146.8105935877192678 
 911.49989804624419776 1223.7357494429670624 
 911.99989795683723059 1244.6380653352753143 
 912.49989786743026343 1406.517597495480004 
 912.99989777802329627 1515.3744019851746998 
 913.49989768861632911 1433.2085346974636195 
 913.99989759920936194 1561.0200513575382502 
 914.49989750980239478 1369.8090075231903029 
 914.99989742039542762 1595.5754585854956531 
 915.49989733098846045 1669.3194597693545802 
 915.99989724158149329 1688.0410661340174556 
 916.49989715217452613 1776.740332573905107 
 916.99989706276755896 1528.4173138189107704 
 917.4998969733605918 1645.0720644351422379 
 917.99989688395362464 1600.7046388254784688 
 918.49989679454665747 1403.3150912301261997 
 918.99989670513969031 1553.9034757271892886 
 919.49989661573272315 1728.4698462332253257 
 919.99989652632575599 1641.0142565039423062 
 920.49989643691878882 1662.536760134555152 
 920.99989634751182166 1406.0374105605133082 
 921.4998962581048545 1423.5162610580046021 
 921.99989616869788733 1427.9733647445555107 
 922.49989607929092017 1402.4087745795386581 
 922.99989598988395301 1410.8225433646985039 
 923.49989590047698584 1551.2147237448625674 
 923.99989581107001868 1556.5853682082943124 
 924.49989572166305152 1399.9345290873388876 
 924.99989563225608435 1339.2622585590270319 
 925.49989554284911719 1425.5686086454898032 
 925.99989545344215003 1550.8536312146479759 
 926.49989536403518287 1464.1173779806467792 
 926.9998952746282157 1597.3599005043342913 
 927.49989518522124854 1560.5812501939908543 
 927.99989509581428138 1594.7814783057438035 
 928.49989500640731421 1605.9606359440822416 
 928.99989491700034705 1617.1187740624463913 
