6.950000e+002, 5.869048e+003
6.950500e+002, 5.773016e+003
6.951000e+002, 5.857937e+003
6.951500e+002, 5.878572e+003
6.952000e+002, 5.738095e+003
6.952500e+002, 5.892857e+003
6.953000e+002, 5.812699e+003
6.953500e+002, 5.850000e+003
6.954000e+002, 5.831746e+003
6.954500e+002, 5.836508e+003
6.955000e+002, 5.869841e+003
6.955500e+002, 6.064286e+003
6.956000e+002, 5.964286e+003
6.956500e+002, 5.786508e+003
6.957000e+002, 5.833333e+003
6.957500e+002, 5.924603e+003
6.958000e+002, 5.759524e+003
6.958500e+002, 5.692064e+003
6.959000e+002, 5.707937e+003
6.959500e+002, 5.773810e+003
6.960000e+002, 5.835714e+003
6.960500e+002, 5.881746e+003
6.961000e+002, 5.760318e+003
6.961500e+002, 5.885714e+003
6.962000e+002, 5.794445e+003
6.962500e+002, 5.851587e+003
6.963000e+002, 5.711905e+003
6.963500e+002, 5.795238e+003
6.964000e+002, 5.829365e+003
6.964500e+002, 5.849206e+003
6.965000e+002, 5.719841e+003
6.965500e+002, 5.763492e+003
6.966000e+002, 5.781746e+003
6.966500e+002, 5.796032e+003
6.967000e+002, 5.767460e+003
6.967500e+002, 5.848413e+003
6.968000e+002, 5.812699e+003
6.968500e+002, 5.811111e+003
6.969000e+002, 5.911111e+003
6.969500e+002, 5.802381e+003
6.970000e+002, 5.931746e+003
6.970500e+002, 5.746825e+003
6.971000e+002, 5.816667e+003
6.971500e+002, 5.976984e+003
6.972000e+002, 5.918254e+003
6.972500e+002, 5.711111e+003
6.973000e+002, 5.876984e+003
6.973500e+002, 5.793651e+003
6.974000e+002, 5.882540e+003
6.974500e+002, 5.848413e+003
6.975000e+002, 5.879365e+003
6.975500e+002, 5.811111e+003
6.976000e+002, 5.923810e+003
6.976500e+002, 5.897619e+003
6.977000e+002, 5.924603e+003
6.977500e+002, 5.782540e+003
6.978000e+002, 5.802381e+003
6.978500e+002, 5.701587e+003
6.979000e+002, 5.729365e+003
6.979500e+002, 5.860318e+003
6.980000e+002, 5.978572e+003
6.980500e+002, 5.828572e+003
6.981000e+002, 5.971429e+003
6.981500e+002, 5.920635e+003
6.982000e+002, 5.761905e+003
6.982500e+002, 5.794445e+003
6.983000e+002, 5.776191e+003
6.983500e+002, 5.827778e+003
6.984000e+002, 5.728572e+003
6.984500e+002, 5.810318e+003
6.985000e+002, 5.773016e+003
6.985500e+002, 5.717460e+003
6.986000e+002, 5.903175e+003
6.986500e+002, 5.815079e+003
6.987000e+002, 5.742857e+003
6.987500e+002, 5.826191e+003
6.988000e+002, 5.778572e+003
6.988500e+002, 5.760318e+003
6.989000e+002, 5.619048e+003
6.989500e+002, 5.619048e+003
6.990000e+002, 5.789683e+003
6.990500e+002, 5.860318e+003
6.991000e+002, 5.769841e+003
6.991500e+002, 5.811905e+003
6.992000e+002, 5.775397e+003
6.992500e+002, 5.871429e+003
6.993000e+002, 5.938095e+003
6.993500e+002, 5.751587e+003
6.994000e+002, 5.824603e+003
6.994500e+002, 5.840476e+003
6.995000e+002, 5.746032e+003
6.995500e+002, 5.827778e+003
6.996000e+002, 5.897619e+003
6.996500e+002, 5.852381e+003
6.997000e+002, 5.776984e+003
6.997500e+002, 5.640476e+003
6.998000e+002, 5.604762e+003
6.998500e+002, 5.761905e+003
6.999000e+002, 5.684127e+003
6.999500e+002, 5.676191e+003
7.000000e+002, 5.883333e+003
7.000500e+002, 5.817460e+003
7.001000e+002, 5.580159e+003
7.001500e+002, 5.908730e+003
7.002000e+002, 5.812699e+003
7.002500e+002, 5.907143e+003
7.003000e+002, 5.909524e+003
7.003500e+002, 5.658730e+003
7.004000e+002, 5.801587e+003
7.004500e+002, 5.792857e+003
7.005000e+002, 5.759524e+003
7.005500e+002, 5.731746e+003
7.006000e+002, 5.500794e+003
7.006500e+002, 5.603968e+003
7.007000e+002, 5.758730e+003
7.007500e+002, 5.661905e+003
7.008000e+002, 5.632540e+003
7.008500e+002, 5.660318e+003
7.009000e+002, 5.722222e+003
7.009500e+002, 5.568254e+003
7.010000e+002, 5.601587e+003
7.010500e+002, 5.611905e+003
7.011000e+002, 5.669841e+003
7.011500e+002, 5.767460e+003
7.012000e+002, 5.742064e+003
7.012500e+002, 5.651587e+003
7.013000e+002, 5.516667e+003
7.013500e+002, 5.812699e+003
7.014000e+002, 5.699206e+003
7.014500e+002, 5.626191e+003
7.015000e+002, 5.802381e+003
7.015500e+002, 5.939683e+003
7.016000e+002, 5.824603e+003
7.016500e+002, 5.639683e+003
7.017000e+002, 5.733333e+003
7.017500e+002, 5.753968e+003
7.018000e+002, 5.743651e+003
7.018500e+002, 5.742064e+003
7.019000e+002, 5.707937e+003
7.019500e+002, 5.647619e+003
7.020000e+002, 5.693651e+003
7.020500e+002, 5.590476e+003
7.021000e+002, 5.736508e+003
7.021500e+002, 5.709524e+003
7.022000e+002, 5.718254e+003
7.022500e+002, 5.622222e+003
7.023000e+002, 5.689683e+003
7.023500e+002, 5.715873e+003
7.024000e+002, 5.726984e+003
7.024500e+002, 5.511111e+003
7.025000e+002, 5.657937e+003
7.025500e+002, 5.600794e+003
7.026000e+002, 5.783333e+003
7.026500e+002, 5.669841e+003
7.027000e+002, 5.707143e+003
7.027500e+002, 5.693651e+003
7.028000e+002, 5.719048e+003
7.028500e+002, 5.938095e+003
7.029000e+002, 5.706349e+003
7.029500e+002, 5.633333e+003
7.030000e+002, 5.646825e+003
7.030500e+002, 5.725397e+003
7.031000e+002, 5.656349e+003
7.031500e+002, 5.676191e+003
7.032000e+002, 5.612698e+003
7.032500e+002, 5.599206e+003
7.033000e+002, 5.609524e+003
7.033500e+002, 5.691270e+003
7.034000e+002, 5.769048e+003
7.034500e+002, 5.612698e+003
7.035000e+002, 5.753968e+003
7.035500e+002, 5.771429e+003
7.036000e+002, 5.718254e+003
7.036500e+002, 5.720635e+003
7.037000e+002, 5.711905e+003
7.037500e+002, 5.822222e+003
7.038000e+002, 5.736508e+003
7.038500e+002, 5.595238e+003
7.039000e+002, 5.511111e+003
7.039500e+002, 5.684921e+003
7.040000e+002, 5.684921e+003
7.040500e+002, 5.599206e+003
7.041000e+002, 5.633333e+003
7.041500e+002, 5.590476e+003
7.042000e+002, 5.587302e+003
7.042500e+002, 5.615873e+003
7.043000e+002, 5.596032e+003
7.043500e+002, 5.757143e+003
7.044000e+002, 5.566667e+003
7.044500e+002, 5.601587e+003
7.045000e+002, 5.495238e+003
7.045500e+002, 5.761111e+003
7.046000e+002, 5.484921e+003
7.046500e+002, 5.494445e+003
7.047000e+002, 5.711111e+003
7.047500e+002, 5.605556e+003
7.048000e+002, 5.680952e+003
7.048500e+002, 5.728572e+003
7.049000e+002, 5.758730e+003
7.049500e+002, 5.752381e+003
7.050000e+002, 5.488095e+003
7.050500e+002, 5.580159e+003
7.051000e+002, 5.692064e+003
7.051500e+002, 5.625397e+003
7.052000e+002, 5.553968e+003
7.052500e+002, 5.488095e+003
7.053000e+002, 5.715079e+003
7.053500e+002, 5.692064e+003
7.054000e+002, 5.814286e+003
7.054500e+002, 5.592064e+003
7.055000e+002, 5.595238e+003
7.055500e+002, 5.673810e+003
7.056000e+002, 5.673810e+003
7.056500e+002, 5.590476e+003
7.057000e+002, 5.487302e+003
7.057500e+002, 5.611905e+003
7.058000e+002, 5.726191e+003
7.058500e+002, 5.673016e+003
7.059000e+002, 5.715079e+003
7.059500e+002, 5.729365e+003
7.060000e+002, 5.580159e+003
7.060500e+002, 5.527778e+003
7.061000e+002, 5.796825e+003
7.061500e+002, 5.687302e+003
7.062000e+002, 5.784921e+003
7.062500e+002, 5.778572e+003
7.063000e+002, 5.643651e+003
7.063500e+002, 5.605556e+003
7.064000e+002, 5.550794e+003
7.064500e+002, 5.735714e+003
7.065000e+002, 5.751587e+003
7.065500e+002, 5.839683e+003
7.066000e+002, 5.864286e+003
7.066500e+002, 5.773810e+003
7.067000e+002, 5.669048e+003
7.067500e+002, 5.776984e+003
7.068000e+002, 5.703175e+003
7.068500e+002, 5.705556e+003
7.069000e+002, 5.865873e+003
7.069500e+002, 2.813492e+003
7.070000e+002, 5.438095e+003
7.070500e+002, 5.956349e+003
7.071000e+002, 6.061905e+003
7.071500e+002, 5.893651e+003
7.072000e+002, 5.962699e+003
7.072500e+002, 5.850000e+003
7.073000e+002, 6.031746e+003
7.073500e+002, 5.954762e+003
7.074000e+002, 6.009524e+003
7.074500e+002, 6.017460e+003
7.075000e+002, 6.019841e+003
7.075500e+002, 6.230952e+003
7.076000e+002, 6.238889e+003
7.076500e+002, 6.324603e+003
7.077000e+002, 6.200794e+003
7.077500e+002, 6.353968e+003
7.078000e+002, 6.463492e+003
7.078500e+002, 6.515079e+003
7.079000e+002, 6.451587e+003
7.079500e+002, 6.429365e+003
7.080000e+002, 6.714286e+003
7.080500e+002, 6.676984e+003
7.081000e+002, 6.915079e+003
7.081500e+002, 7.028572e+003
7.082000e+002, 7.027778e+003
7.082500e+002, 7.020635e+003
7.083000e+002, 7.351587e+003
7.083500e+002, 7.192857e+003
7.084000e+002, 7.322222e+003
7.084500e+002, 7.543651e+003
7.085000e+002, 7.745238e+003
7.085500e+002, 8.149206e+003
7.086000e+002, 8.605556e+003
7.086500e+002, 9.380953e+003
7.087000e+002, 9.950794e+003
7.087500e+002, 1.071429e+004
7.088000e+002, 1.150476e+004
7.088500e+002, 1.228254e+004
7.089000e+002, 1.304127e+004
7.089500e+002, 1.417222e+004
7.090000e+002, 1.513333e+004
7.090500e+002, 1.604048e+004
7.091000e+002, 1.718254e+004
7.091500e+002, 1.853810e+004
7.092000e+002, 1.925397e+004
7.092500e+002, 1.981984e+004
7.093000e+002, 1.998810e+004
7.093500e+002, 2.000079e+004
7.094000e+002, 1.962222e+004
7.094500e+002, 1.867222e+004
7.095000e+002, 1.774921e+004
7.095500e+002, 1.684206e+004
7.096000e+002, 1.627302e+004
7.096500e+002, 1.513016e+004
7.097000e+002, 1.472619e+004
7.097500e+002, 1.454524e+004
7.098000e+002, 1.431429e+004
7.098500e+002, 1.424127e+004
7.099000e+002, 1.452540e+004
7.099500e+002, 1.503889e+004
7.100000e+002, 1.551429e+004
7.100500e+002, 1.645952e+004
7.101000e+002, 1.733968e+004
7.101500e+002, 1.852064e+004
7.102000e+002, 1.994683e+004
7.102500e+002, 2.148492e+004
7.103000e+002, 2.326111e+004
7.103500e+002, 2.557064e+004
7.104000e+002, 2.780318e+004
7.104500e+002, 2.991191e+004
7.105000e+002, 3.245000e+004
7.105500e+002, 3.449127e+004
7.106000e+002, 3.609921e+004
7.106500e+002, 3.728730e+004
7.107000e+002, 3.808333e+004
7.107500e+002, 3.883175e+004
7.108000e+002, 3.841587e+004
7.108500e+002, 3.850318e+004
7.109000e+002, 3.768095e+004
7.109500e+002, 3.674286e+004
7.110000e+002, 3.604841e+004
7.110500e+002, 3.448095e+004
7.111000e+002, 3.268492e+004
7.111500e+002, 3.177619e+004
7.112000e+002, 3.045397e+004
7.112500e+002, 2.881508e+004
7.113000e+002, 2.762778e+004
7.113500e+002, 2.651825e+004
7.114000e+002, 2.570556e+004
7.114500e+002, 2.494127e+004
7.115000e+002, 2.392619e+004
7.115500e+002, 2.334524e+004
7.116000e+002, 2.233413e+004
7.116500e+002, 2.140714e+004
7.117000e+002, 2.076429e+004
7.117500e+002, 2.041667e+004
7.118000e+002, 2.005476e+004
7.118500e+002, 1.937064e+004
7.119000e+002, 1.906667e+004
7.119500e+002, 1.869524e+004
7.120000e+002, 1.865159e+004
7.120500e+002, 1.790794e+004
7.121000e+002, 1.756270e+004
7.121500e+002, 1.699444e+004
7.122000e+002, 1.665317e+004
7.122500e+002, 1.627937e+004
7.123000e+002, 1.602302e+004
7.123500e+002, 1.572937e+004
7.124000e+002, 1.535952e+004
7.124500e+002, 1.507778e+004
7.125000e+002, 1.475556e+004
7.125500e+002, 1.498810e+004
7.126000e+002, 1.450159e+004
7.126500e+002, 1.410476e+004
7.127000e+002, 1.382381e+004
7.127500e+002, 1.374286e+004
7.128000e+002, 1.381984e+004
7.128500e+002, 1.369365e+004
7.129000e+002, 1.340635e+004
7.129500e+002, 1.321349e+004
7.130000e+002, 1.299524e+004
7.130500e+002, 1.306270e+004
7.131000e+002, 1.293413e+004
7.131500e+002, 1.268413e+004
7.132000e+002, 1.285000e+004
7.132500e+002, 1.254365e+004
7.133000e+002, 1.223413e+004
7.133500e+002, 1.223413e+004
7.134000e+002, 1.202302e+004
7.134500e+002, 1.229127e+004
7.135000e+002, 1.220159e+004
7.135500e+002, 1.223095e+004
7.136000e+002, 1.214683e+004
7.136500e+002, 1.172064e+004
7.137000e+002, 1.198016e+004
7.137500e+002, 1.206111e+004
7.138000e+002, 1.201508e+004
7.138500e+002, 1.179841e+004
7.139000e+002, 1.152302e+004
7.139500e+002, 1.126825e+004
7.140000e+002, 1.165556e+004
7.140500e+002, 1.148095e+004
7.141000e+002, 1.128175e+004
7.141500e+002, 1.130635e+004
7.142000e+002, 1.118333e+004
7.142500e+002, 1.118730e+004
7.143000e+002, 1.101111e+004
7.143500e+002, 1.102302e+004
7.144000e+002, 1.087222e+004
7.144500e+002, 1.095238e+004
7.145000e+002, 1.061270e+004
7.145500e+002, 1.063333e+004
7.146000e+002, 1.041270e+004
7.146500e+002, 1.037698e+004
7.147000e+002, 1.028651e+004
7.147500e+002, 1.022460e+004
7.148000e+002, 1.045794e+004
7.148500e+002, 1.038333e+004
7.149000e+002, 9.902381e+003
7.149500e+002, 1.007381e+004
7.150000e+002, 9.976191e+003
7.150500e+002, 9.995238e+003
7.151000e+002, 9.982540e+003
7.151500e+002, 9.990476e+003
7.152000e+002, 9.592064e+003
7.152500e+002, 9.609524e+003
7.153000e+002, 9.507937e+003
7.153500e+002, 9.362699e+003
7.154000e+002, 9.328572e+003
7.154500e+002, 9.334921e+003
7.155000e+002, 9.192064e+003
7.155500e+002, 9.402381e+003
7.156000e+002, 9.453175e+003
7.156500e+002, 9.134921e+003
7.157000e+002, 9.026984e+003
7.157500e+002, 8.919841e+003
7.158000e+002, 9.070635e+003
7.158500e+002, 9.198413e+003
7.159000e+002, 9.010318e+003
7.159500e+002, 8.885714e+003
7.160000e+002, 9.076984e+003
7.160500e+002, 9.005556e+003
7.161000e+002, 9.899207e+003
7.161500e+002, 8.768254e+003
7.162000e+002, 8.902381e+003
7.162500e+002, 8.930953e+003
7.163000e+002, 8.830953e+003
7.163500e+002, 8.837302e+003
7.164000e+002, 8.846032e+003
7.164500e+002, 8.814286e+003
7.165000e+002, 8.755556e+003
7.165500e+002, 8.672222e+003
7.166000e+002, 8.646032e+003
7.166500e+002, 8.791270e+003
7.167000e+002, 8.965080e+003
7.167500e+002, 8.841270e+003
7.168000e+002, 8.827778e+003
7.168500e+002, 8.822222e+003
7.169000e+002, 8.613492e+003
7.169500e+002, 8.680953e+003
7.170000e+002, 8.681746e+003
7.170500e+002, 8.578572e+003
7.171000e+002, 8.740476e+003
7.171500e+002, 8.541270e+003
7.172000e+002, 8.411905e+003
7.172500e+002, 8.603968e+003
7.173000e+002, 8.685714e+003
7.173500e+002, 8.509524e+003
7.174000e+002, 8.639683e+003
7.174500e+002, 8.574603e+003
7.175000e+002, 8.497619e+003
7.175500e+002, 8.475397e+003
7.176000e+002, 8.558730e+003
7.176500e+002, 8.588889e+003
7.177000e+002, 8.353175e+003
7.177500e+002, 8.410318e+003
7.178000e+002, 8.592064e+003
7.178500e+002, 8.492857e+003
7.179000e+002, 8.453175e+003
7.179500e+002, 8.503968e+003
7.180000e+002, 8.439683e+003
7.180500e+002, 8.456349e+003
7.181000e+002, 8.501587e+003
7.181500e+002, 8.519048e+003
7.182000e+002, 8.401587e+003
7.182500e+002, 8.400794e+003
7.183000e+002, 8.314286e+003
7.183500e+002, 8.366667e+003
7.184000e+002, 8.111111e+003
7.184500e+002, 8.257143e+003
7.185000e+002, 8.192064e+003
7.185500e+002, 8.284127e+003
7.186000e+002, 8.213492e+003
7.186500e+002, 8.171429e+003
7.187000e+002, 8.153175e+003
7.187500e+002, 8.110318e+003
7.188000e+002, 8.177778e+003
7.188500e+002, 8.026984e+003
7.189000e+002, 8.081746e+003
7.189500e+002, 8.153175e+003
7.190000e+002, 8.043651e+003
7.190500e+002, 8.102381e+003
7.191000e+002, 8.103175e+003
7.191500e+002, 8.127778e+003
7.192000e+002, 8.026191e+003
7.192500e+002, 8.003175e+003
7.193000e+002, 8.109524e+003
7.193500e+002, 7.814286e+003
7.194000e+002, 7.934921e+003
7.194500e+002, 7.907143e+003
7.195000e+002, 8.077778e+003
7.195500e+002, 7.965079e+003
7.196000e+002, 7.872222e+003
7.196500e+002, 7.876191e+003
7.197000e+002, 7.710318e+003
7.197500e+002, 7.881746e+003
7.198000e+002, 8.017460e+003
7.198500e+002, 7.740476e+003
7.199000e+002, 7.899206e+003
7.199500e+002, 7.860318e+003
7.200000e+002, 7.770635e+003
7.200500e+002, 7.685714e+003
7.201000e+002, 7.628572e+003
7.201500e+002, 7.847619e+003
7.202000e+002, 7.509524e+003
7.202500e+002, 7.682540e+003
7.203000e+002, 7.880159e+003
7.203500e+002, 7.860318e+003
7.204000e+002, 7.809524e+003
7.204500e+002, 7.831746e+003
7.205000e+002, 7.835714e+003
7.205500e+002, 7.786508e+003
7.206000e+002, 7.803968e+003
7.206500e+002, 7.896032e+003
7.207000e+002, 7.923016e+003
7.207500e+002, 7.936508e+003
7.208000e+002, 8.104762e+003
7.208500e+002, 8.122222e+003
7.209000e+002, 8.096032e+003
7.209500e+002, 8.165873e+003
7.210000e+002, 8.153968e+003
7.210500e+002, 8.142064e+003
7.211000e+002, 8.043651e+003
7.211500e+002, 8.358730e+003
7.212000e+002, 8.330159e+003
7.212500e+002, 8.378572e+003
7.213000e+002, 8.406349e+003
7.213500e+002, 8.594445e+003
7.214000e+002, 8.544445e+003
7.214500e+002, 8.584921e+003
7.215000e+002, 8.785714e+003
7.215500e+002, 8.910318e+003
7.216000e+002, 8.827778e+003
7.216500e+002, 9.122222e+003
7.217000e+002, 9.169048e+003
7.217500e+002, 9.315080e+003
7.218000e+002, 9.483333e+003
7.218500e+002, 9.749207e+003
7.219000e+002, 9.924603e+003
7.219500e+002, 1.018492e+004
7.220000e+002, 1.052222e+004
7.220500e+002, 1.077540e+004
7.221000e+002, 1.105714e+004
7.221500e+002, 1.139524e+004
7.222000e+002, 1.161984e+004
7.222500e+002, 1.183492e+004
7.223000e+002, 1.211349e+004
7.223500e+002, 1.201032e+004
7.224000e+002, 1.188016e+004
7.224500e+002, 1.209444e+004
7.225000e+002, 1.223175e+004
7.225500e+002, 1.209444e+004
7.226000e+002, 1.191508e+004
7.226500e+002, 1.174921e+004
7.227000e+002, 1.158016e+004
7.227500e+002, 1.162143e+004
7.228000e+002, 1.152460e+004
7.228500e+002, 1.115397e+004
7.229000e+002, 1.120714e+004
7.229500e+002, 1.111825e+004
7.230000e+002, 1.104603e+004
7.230500e+002, 1.081508e+004
7.231000e+002, 1.086984e+004
7.231500e+002, 1.095238e+004
7.232000e+002, 1.091587e+004
7.232500e+002, 1.094524e+004
7.233000e+002, 1.115238e+004
7.233500e+002, 1.089444e+004
7.234000e+002, 1.101508e+004
7.234500e+002, 1.118254e+004
7.235000e+002, 1.118968e+004
7.235500e+002, 1.146508e+004
7.236000e+002, 1.178571e+004
7.236500e+002, 1.180476e+004
7.237000e+002, 1.201984e+004
7.237500e+002, 1.220873e+004
7.238000e+002, 1.205794e+004
7.238500e+002, 1.220159e+004
7.239000e+002, 1.216190e+004
7.239500e+002, 1.232381e+004
7.240000e+002, 1.235000e+004
7.240500e+002, 1.215635e+004
7.241000e+002, 1.203254e+004
7.241500e+002, 1.213016e+004
7.242000e+002, 1.195556e+004
7.242500e+002, 1.199524e+004
7.243000e+002, 1.196984e+004
7.243500e+002, 1.188810e+004
7.244000e+002, 1.178492e+004
7.244500e+002, 1.187143e+004
7.245000e+002, 1.169286e+004
7.245500e+002, 1.169286e+004
7.246000e+002, 1.160000e+004
7.246500e+002, 1.162778e+004
7.247000e+002, 1.151032e+004
7.247500e+002, 1.164127e+004
7.248000e+002, 1.132064e+004
7.248500e+002, 1.132619e+004
7.249000e+002, 1.126190e+004
7.249500e+002, 1.122619e+004
7.250000e+002, 1.114206e+004
7.250500e+002, 1.108810e+004
7.251000e+002, 1.083413e+004
7.251500e+002, 1.082064e+004
7.252000e+002, 1.090873e+004
7.252500e+002, 1.090794e+004
7.253000e+002, 1.075079e+004
7.253500e+002, 1.079683e+004
7.254000e+002, 1.083651e+004
7.254500e+002, 1.056111e+004
7.255000e+002, 1.055397e+004
7.255500e+002, 1.045476e+004
7.256000e+002, 1.027460e+004
7.256500e+002, 1.032143e+004
7.257000e+002, 1.010556e+004
7.257500e+002, 9.949207e+003
7.258000e+002, 9.813492e+003
7.258500e+002, 9.680159e+003
7.259000e+002, 9.775397e+003
7.259500e+002, 9.803175e+003
7.260000e+002, 9.637302e+003
7.260500e+002, 9.569841e+003
7.261000e+002, 9.510318e+003
7.261500e+002, 9.417460e+003
7.262000e+002, 9.711111e+003
7.262500e+002, 9.455556e+003
7.263000e+002, 9.399206e+003
7.263500e+002, 9.387302e+003
7.264000e+002, 9.334127e+003
7.264500e+002, 9.142857e+003
7.265000e+002, 9.057937e+003
7.265500e+002, 9.141270e+003
7.266000e+002, 9.201587e+003
7.266500e+002, 9.082540e+003
7.267000e+002, 9.054762e+003
7.267500e+002, 9.113492e+003
7.268000e+002, 8.876191e+003
7.268500e+002, 8.769841e+003
7.269000e+002, 8.780159e+003
7.269500e+002, 8.823810e+003
7.270000e+002, 8.698413e+003
7.270500e+002, 8.824603e+003
7.271000e+002, 8.774603e+003
7.271500e+002, 8.596826e+003
7.272000e+002, 8.623810e+003
7.272500e+002, 8.480159e+003
7.273000e+002, 8.397619e+003
7.273500e+002, 8.467460e+003
7.274000e+002, 8.439683e+003
7.274500e+002, 8.530953e+003
7.275000e+002, 8.565079e+003
7.275500e+002, 8.568254e+003
7.276000e+002, 8.474603e+003
7.276500e+002, 8.408730e+003
7.277000e+002, 8.387302e+003
7.277500e+002, 8.373016e+003
7.278000e+002, 8.466667e+003
7.278500e+002, 8.523810e+003
7.279000e+002, 8.350000e+003
7.279500e+002, 8.284127e+003
7.280000e+002, 8.334127e+003
7.280500e+002, 8.238095e+003
7.281000e+002, 8.226984e+003
7.281500e+002, 8.127778e+003
7.282000e+002, 8.269048e+003
7.282500e+002, 8.312699e+003
7.283000e+002, 8.302381e+003
7.283500e+002, 8.320635e+003
7.284000e+002, 8.180953e+003
7.284500e+002, 8.067460e+003
7.285000e+002, 8.027778e+003
7.285500e+002, 8.007143e+003
7.286000e+002, 8.175397e+003
7.286500e+002, 8.116667e+003
7.287000e+002, 8.156349e+003
7.287500e+002, 8.263492e+003
7.288000e+002, 8.373810e+003
7.288500e+002, 8.073810e+003
7.289000e+002, 8.072222e+003
7.289500e+002, 8.108730e+003
7.290000e+002, 8.271429e+003
7.290500e+002, 8.203968e+003
7.291000e+002, 8.174603e+003
7.291500e+002, 8.182540e+003
7.292000e+002, 8.192064e+003
7.292500e+002, 8.083333e+003
7.293000e+002, 8.073016e+003
7.293500e+002, 7.990476e+003
7.294000e+002, 8.088095e+003
7.294500e+002, 8.046826e+003
7.295000e+002, 8.160318e+003
7.295500e+002, 8.110318e+003
7.296000e+002, 8.145238e+003
7.296500e+002, 8.009524e+003
7.297000e+002, 8.156349e+003
7.297500e+002, 8.144445e+003
7.298000e+002, 8.150000e+003
7.298500e+002, 8.099206e+003
7.299000e+002, 8.221429e+003
7.299500e+002, 8.091270e+003
7.300000e+002, 8.056349e+003
7.300500e+002, 8.143651e+003
7.301000e+002, 8.189683e+003
7.301500e+002, 8.280953e+003
7.302000e+002, 8.104762e+003
7.302500e+002, 7.953968e+003
7.303000e+002, 7.995238e+003
7.303500e+002, 7.934127e+003
7.304000e+002, 8.156349e+003
7.304500e+002, 8.134127e+003
7.305000e+002, 8.018254e+003
7.305500e+002, 8.072222e+003
7.306000e+002, 8.040476e+003
7.306500e+002, 8.250794e+003
7.307000e+002, 8.123016e+003
7.307500e+002, 8.006349e+003
7.308000e+002, 8.103175e+003
7.308500e+002, 8.173810e+003
7.309000e+002, 7.957937e+003
7.309500e+002, 7.975397e+003
7.310000e+002, 8.189683e+003
7.310500e+002, 8.111111e+003
7.311000e+002, 8.221429e+003
7.311500e+002, 8.269048e+003
7.312000e+002, 8.084127e+003
7.312500e+002, 8.120635e+003
7.313000e+002, 8.261111e+003
7.313500e+002, 8.111905e+003
7.314000e+002, 8.070635e+003
7.314500e+002, 8.246826e+003
7.315000e+002, 8.058730e+003
7.315500e+002, 8.220635e+003
7.316000e+002, 8.087302e+003
7.316500e+002, 8.119841e+003
7.317000e+002, 8.196826e+003
7.317500e+002, 8.170635e+003
7.318000e+002, 8.176191e+003
7.318500e+002, 8.063492e+003
7.319000e+002, 8.049206e+003
7.319500e+002, 7.909524e+003
7.320000e+002, 8.200000e+003
7.320500e+002, 7.858730e+003
7.321000e+002, 7.976984e+003
7.321500e+002, 8.145238e+003
7.322000e+002, 8.196032e+003
7.322500e+002, 7.963492e+003
7.323000e+002, 8.162699e+003
7.323500e+002, 8.129365e+003
7.324000e+002, 8.036508e+003
7.324500e+002, 8.294445e+003
7.325000e+002, 8.143651e+003
7.325500e+002, 8.097619e+003
7.326000e+002, 8.130159e+003
7.326500e+002, 8.288889e+003
7.327000e+002, 8.160318e+003
7.327500e+002, 8.226984e+003
7.328000e+002, 8.227778e+003
7.328500e+002, 8.302381e+003
7.329000e+002, 8.258730e+003
7.329500e+002, 8.159524e+003
7.330000e+002, 8.099206e+003
7.330500e+002, 8.199206e+003
7.331000e+002, 8.164286e+003
7.331500e+002, 8.269841e+003
7.332000e+002, 8.337302e+003
7.332500e+002, 8.096032e+003
7.333000e+002, 8.143651e+003
7.333500e+002, 8.096032e+003
7.334000e+002, 8.199206e+003
7.334500e+002, 8.172222e+003
7.335000e+002, 8.076191e+003
7.335500e+002, 8.290476e+003
7.336000e+002, 8.343651e+003
7.336500e+002, 8.238889e+003
7.337000e+002, 8.251587e+003
7.337500e+002, 8.111111e+003
7.338000e+002, 8.234127e+003
7.338500e+002, 8.314286e+003
7.339000e+002, 8.176984e+003
7.339500e+002, 8.203175e+003
7.340000e+002, 8.316667e+003
7.340500e+002, 8.306349e+003
7.341000e+002, 8.366667e+003
7.341500e+002, 8.202381e+003
7.342000e+002, 8.347619e+003
7.342500e+002, 8.357937e+003
7.343000e+002, 8.184921e+003
7.343500e+002, 8.396032e+003
7.344000e+002, 8.250000e+003
7.344500e+002, 8.338095e+003
7.345000e+002, 8.446032e+003
7.345500e+002, 8.322222e+003
7.346000e+002, 8.285714e+003
7.346500e+002, 8.265079e+003
7.347000e+002, 8.402381e+003
7.347500e+002, 8.422222e+003
7.348000e+002, 8.362699e+003
7.348500e+002, 8.354762e+003
7.349000e+002, 8.403175e+003
7.349500e+002, 8.292857e+003
7.350000e+002, 8.299206e+003
7.350500e+002, 8.374603e+003
7.351000e+002, 8.367460e+003
7.351500e+002, 8.282540e+003
7.352000e+002, 8.343651e+003
7.352500e+002, 8.342064e+003
7.353000e+002, 8.307937e+003
7.353500e+002, 8.228572e+003
7.354000e+002, 8.361111e+003
7.354500e+002, 8.300000e+003
7.355000e+002, 8.426191e+003
7.355500e+002, 8.237302e+003
7.356000e+002, 8.549206e+003
7.356500e+002, 8.436508e+003
7.357000e+002, 8.580953e+003
7.357500e+002, 8.649206e+003
7.358000e+002, 8.400794e+003
7.358500e+002, 8.381746e+003
7.359000e+002, 8.422222e+003
7.359500e+002, 8.424603e+003
7.360000e+002, 8.434921e+003
7.360500e+002, 8.518254e+003
7.361000e+002, 8.497619e+003
7.361500e+002, 8.373016e+003
7.362000e+002, 8.346826e+003
7.362500e+002, 8.289683e+003
7.363000e+002, 8.406349e+003
7.363500e+002, 8.440476e+003
7.364000e+002, 8.556349e+003
7.364500e+002, 8.434127e+003
7.365000e+002, 8.483333e+003
7.365500e+002, 8.412699e+003
7.366000e+002, 8.425397e+003
7.366500e+002, 8.537302e+003
7.367000e+002, 8.437302e+003
7.367500e+002, 8.426191e+003
7.368000e+002, 8.561905e+003
7.368500e+002, 8.479365e+003
7.369000e+002, 8.614286e+003
7.369500e+002, 8.607143e+003
7.370000e+002, 8.426191e+003
7.370500e+002, 8.484127e+003
7.371000e+002, 8.590476e+003
7.371500e+002, 8.651587e+003
7.372000e+002, 8.562699e+003
7.372500e+002, 8.526191e+003
7.373000e+002, 8.402381e+003
7.373500e+002, 8.443651e+003
7.374000e+002, 8.497619e+003
7.374500e+002, 8.591270e+003
7.375000e+002, 8.697619e+003
7.375500e+002, 8.516667e+003
7.376000e+002, 8.537302e+003
7.376500e+002, 8.614286e+003
7.377000e+002, 8.510318e+003
7.377500e+002, 8.590476e+003
7.378000e+002, 8.603968e+003
7.378500e+002, 8.482540e+003
7.379000e+002, 8.521429e+003
7.379500e+002, 8.450794e+003
7.380000e+002, 8.583333e+003
7.380500e+002, 8.546032e+003
7.381000e+002, 8.557937e+003
7.381500e+002, 8.472222e+003
7.382000e+002, 8.524603e+003
7.382500e+002, 8.515873e+003
7.383000e+002, 8.634921e+003
7.383500e+002, 8.435714e+003
7.384000e+002, 8.407937e+003
7.384500e+002, 8.585714e+003
7.385000e+002, 8.595238e+003
7.385500e+002, 8.589683e+003
7.386000e+002, 8.450000e+003
7.386500e+002, 8.482540e+003
7.387000e+002, 8.472222e+003
7.387500e+002, 8.494445e+003
7.388000e+002, 8.559524e+003
7.388500e+002, 8.448413e+003
7.389000e+002, 8.599206e+003
7.389500e+002, 8.573016e+003
7.390000e+002, 8.524603e+003
7.390500e+002, 8.509524e+003
7.391000e+002, 8.443651e+003
7.391500e+002, 8.481746e+003
7.392000e+002, 8.328572e+003
7.392500e+002, 8.442064e+003
7.393000e+002, 8.542857e+003
7.393500e+002, 8.428572e+003
7.394000e+002, 8.531746e+003
7.394500e+002, 8.609524e+003
7.395000e+002, 8.455556e+003
7.395500e+002, 8.442857e+003
7.396000e+002, 8.519048e+003
7.396500e+002, 8.652381e+003
7.397000e+002, 8.522222e+003
7.397500e+002, 8.579365e+003
7.398000e+002, 8.584921e+003
7.398500e+002, 8.533333e+003
7.399000e+002, 8.569841e+003
7.399500e+002, 8.475397e+003
7.400000e+002, 8.428572e+003
7.400500e+002, 8.456349e+003
7.401000e+002, 8.400000e+003
7.401500e+002, 8.488889e+003
7.402000e+002, 8.407937e+003
7.402500e+002, 8.396032e+003
7.403000e+002, 8.480953e+003
7.403500e+002, 8.597619e+003
7.404000e+002, 8.531746e+003
7.404500e+002, 8.496032e+003
7.405000e+002, 8.569841e+003
7.405500e+002, 8.395238e+003
7.406000e+002, 8.619048e+003
7.406500e+002, 8.443651e+003
7.407000e+002, 8.484921e+003
7.407500e+002, 8.603175e+003
7.408000e+002, 8.724603e+003
7.408500e+002, 8.582540e+003
7.409000e+002, 8.661905e+003
7.409500e+002, 8.529365e+003
7.410000e+002, 8.503175e+003
7.410500e+002, 8.532540e+003
7.411000e+002, 8.564286e+003
7.411500e+002, 8.654762e+003
7.412000e+002, 8.528572e+003
7.412500e+002, 8.623016e+003
7.413000e+002, 8.457937e+003
7.413500e+002, 8.683333e+003
7.414000e+002, 8.599206e+003
7.414500e+002, 8.607937e+003
7.415000e+002, 8.749206e+003
7.415500e+002, 8.539683e+003
7.416000e+002, 8.489683e+003
7.416500e+002, 8.623016e+003
7.417000e+002, 8.692857e+003
7.417500e+002, 8.621429e+003
7.418000e+002, 8.709524e+003
7.418500e+002, 8.617460e+003
7.419000e+002, 8.667460e+003
7.419500e+002, 8.565873e+003
7.420000e+002, 8.548413e+003
7.420500e+002, 8.731746e+003
7.421000e+002, 8.757143e+003
7.421500e+002, 8.644445e+003
7.422000e+002, 8.519048e+003
7.422500e+002, 8.560318e+003
7.423000e+002, 8.590476e+003
7.423500e+002, 8.692064e+003
7.424000e+002, 8.733333e+003
7.424500e+002, 8.621429e+003
7.425000e+002, 8.820635e+003
7.425500e+002, 8.786508e+003
7.426000e+002, 8.859524e+003
7.426500e+002, 8.750794e+003
7.427000e+002, 8.628572e+003
7.427500e+002, 8.936508e+003
7.428000e+002, 8.707143e+003
7.428500e+002, 8.657143e+003
7.429000e+002, 8.594445e+003
7.429500e+002, 8.569048e+003
7.430000e+002, 8.515079e+003
7.430500e+002, 8.511111e+003
7.431000e+002, 8.502381e+003
7.431500e+002, 8.518254e+003
7.432000e+002, 8.503968e+003
7.432500e+002, 8.604762e+003
7.433000e+002, 8.561111e+003
7.433500e+002, 8.615079e+003
7.434000e+002, 8.705556e+003
7.434500e+002, 8.695238e+003
7.435000e+002, 8.509524e+003
7.435500e+002, 8.594445e+003
7.436000e+002, 8.540476e+003
7.436500e+002, 8.600000e+003
7.437000e+002, 8.661905e+003
7.437500e+002, 8.536508e+003
7.438000e+002, 8.638889e+003
7.438500e+002, 8.521429e+003
7.439000e+002, 8.421429e+003
7.439500e+002, 8.595238e+003
7.440000e+002, 8.606349e+003
7.440500e+002, 8.560318e+003
7.441000e+002, 8.567460e+003
7.441500e+002, 8.679365e+003
7.442000e+002, 8.746826e+003
7.442500e+002, 8.776984e+003
7.443000e+002, 8.654762e+003
7.443500e+002, 8.657937e+003
7.444000e+002, 8.643651e+003
7.444500e+002, 8.707143e+003
7.445000e+002, 8.807937e+003
7.445500e+002, 8.605556e+003
7.446000e+002, 8.761111e+003
7.446500e+002, 8.676984e+003
7.447000e+002, 8.712699e+003
7.447500e+002, 8.792857e+003
7.448000e+002, 8.520635e+003
7.448500e+002, 8.451587e+003
7.449000e+002, 8.618254e+003
7.449500e+002, 8.699206e+003
7.450000e+002, 8.628572e+003
7.450500e+002, 8.590476e+003
7.451000e+002, 8.701587e+003
7.451500e+002, 8.608730e+003
7.452000e+002, 8.628572e+003
7.452500e+002, 8.606349e+003
7.453000e+002, 8.604762e+003
7.453500e+002, 8.836508e+003
7.454000e+002, 8.791270e+003
7.454500e+002, 8.844445e+003
7.455000e+002, 8.784127e+003
7.455500e+002, 8.634127e+003
7.456000e+002, 8.644445e+003
7.456500e+002, 8.938889e+003
7.457000e+002, 8.642857e+003
7.457500e+002, 8.692064e+003
7.458000e+002, 8.826984e+003
7.458500e+002, 8.657937e+003
7.459000e+002, 8.649206e+003
7.459500e+002, 8.723016e+003
7.460000e+002, 8.696032e+003
7.460500e+002, 8.797619e+003
7.461000e+002, 8.726191e+003
7.461500e+002, 8.300794e+003