653.600037, 1861.942261
653.800049, 1850.016846
654.000061, 1842.887451
654.200073, 1835.113770
654.400085, 1834.772583
654.600098, 1832.207886
654.800110, 1851.975464
655.000122, 1846.248901
655.200134, 1830.633301
655.400146, 1835.456909
655.600159, 1830.899536
655.800171, 1829.221558
656.000183, 1816.175415
656.200195, 1821.033569
656.400208, 1825.817871
656.600220, 1822.453979
656.800232, 1817.818848
657.000244, 1822.497192
657.200256, 1827.057373
657.400269, 1813.580566
657.600281, 1812.857178
657.800293, 1811.826172
658.000305, 1787.094116
658.200317, 1796.087402
658.400330, 1796.905029
658.600342, 1813.079224
658.800354, 1827.610718
659.000366, 1801.157959
659.200378, 1781.057495
659.400391, 1798.490112
659.600403, 1799.069824
659.800415, 1787.559570
660.000427, 1797.196533
660.200439, 1778.068848
660.400452, 1765.741211
660.600464, 1774.994629
660.800476, 1790.352661
661.000488, 1767.915039
661.200500, 1774.380615
661.400513, 1774.222900
661.600525, 1767.089722
661.800537, 1766.116699
662.000549, 1759.276855
662.200562, 1763.312256
662.400574, 1770.276489
662.600586, 1774.017334
662.800598, 1769.554199
663.000610, 1761.539062
663.200623, 1763.733398
663.400635, 1760.352905
663.600647, 1739.992798
663.800659, 1751.734741
664.000671, 1749.797852
664.200684, 1755.956055
664.400696, 1747.208252
664.600708, 1730.060547
664.800720, 1726.129761
665.000732, 1732.749878
665.200745, 1753.714478
665.400757, 1726.146729
665.600769, 1745.832764
665.800781, 1709.956543
666.000793, 1724.874878
666.200806, 1727.603394
666.400818, 1720.791992
666.600830, 1730.862061
666.800842, 1727.742188
667.000854, 1721.670532
667.200867, 1720.926514
667.400879, 1716.702637
667.600891, 1729.114014
667.800903, 1714.701538
668.000916, 1721.364502
668.200928, 1723.477783
668.400940, 1724.723389
668.600952, 1715.664062
668.800964, 1713.841553
669.000977, 1710.014526
669.200989, 1708.100342
669.401001, 1704.655884
669.601013, 1714.420288
669.801025, 1706.850098
670.001038, 1721.515503
670.201050, 1716.496338
670.401062, 1710.314819
670.601074, 1706.507812
670.801086, 1684.542114
671.001099, 1695.696045
671.201111, 1681.995239
671.401123, 1695.260742
671.601135, 1690.338379
671.801147, 1690.327393
672.001160, 1681.876221
672.201172, 1676.851807
672.401184, 1682.470581
672.601196, 1683.776123
672.801208, 1688.614258
673.001221, 1686.015869
673.201233, 1686.003662
673.401245, 1680.726807
673.601257, 1676.992920
673.801270, 1667.300293
674.001282, 1680.512939
674.201294, 1666.989868
674.401306, 1655.920776
674.601318, 1660.167725
674.801331, 1653.321777
675.001343, 1658.461670
675.201355, 1659.768555
675.401367, 1658.781860
675.601379, 1643.219727
675.801392, 1650.392944
676.001404, 1646.404785
676.201416, 1628.633911
676.401428, 1634.861572
676.601440, 1646.383179
676.801453, 1636.472778
677.001465, 1647.714355
677.201477, 1629.511719
677.401489, 1639.029175
677.601501, 1650.348999
677.801514, 1640.158447
678.001526, 1652.467529
678.201538, 1640.531250
678.401550, 1637.187866
678.601562, 1645.338501
678.801575, 1628.678833
679.001587, 1630.765503
679.201599, 1635.269653
679.401611, 1620.378784
679.601624, 1629.978027
679.801636, 1626.690552
680.001648, 1633.420532
680.201660, 1625.976562
680.401672, 1624.640259
680.601685, 1622.552612
680.801697, 1622.630615
681.001709, 1611.895752
681.201721, 1614.375488
681.401733, 1611.237793
681.601746, 1606.405884
681.801758, 1594.469849
682.001770, 1598.737793
682.201782, 1588.903076
682.401794, 1591.177612
682.601807, 1603.143188
682.801819, 1583.387573
683.001831, 1593.116577
683.201843, 1601.938232
683.401855, 1590.757812
683.601868, 1577.992310
683.801880, 1574.394165
684.001892, 1588.047974
684.201904, 1572.688110
684.401917, 1560.390137
684.601929, 1587.549194
684.801941, 1566.822754
685.001953, 1581.499268
685.201965, 1580.415527
685.401978, 1581.266357
685.601990, 1595.437500
685.802002, 1570.646240
686.002014, 1572.161133
686.202026, 1575.883667
686.402039, 1559.315796
686.602051, 1546.032227
686.802063, 1546.101196
687.002075, 1557.393555
687.202087, 1545.254761
687.402100, 1546.293457
687.602112, 1545.986084
687.802124, 1531.292969
688.002136, 1554.415894
688.202148, 1554.252075
688.402161, 1551.490845
688.602173, 1540.729370
688.802185, 1526.503540
689.002197, 1541.783203
689.202209, 1527.831665
689.402222, 1513.687256
689.602234, 1533.467773
689.802246, 1535.818848
690.002258, 1535.861816
690.202271, 1522.892334
690.402283, 1526.622803
690.602295, 1525.212402
690.802307, 1531.377563
691.002319, 1530.324097
691.202332, 1522.160767
691.402344, 1509.134399
691.602356, 1511.201050
691.802368, 1521.286133
692.002380, 1527.429688
692.202393, 1539.477173
692.402405, 1525.903809
692.602417, 1515.041504
692.802429, 1519.888672
693.002441, 1510.672729
693.202454, 1518.532471
693.402466, 1516.246338
693.602478, 1513.243530
693.802490, 1507.499390
694.002502, 1505.603394
694.202515, 1486.735718
694.402527, 1501.277832
694.602539, 1499.659058
694.802551, 1502.111938
695.002563, 1496.130859
695.202576, 1483.386597
695.402588, 1485.396484
695.602600, 1486.814575
695.802612, 1479.473511
696.002625, 1482.541016
696.202637, 1438.998901
696.402649, 1456.324585
696.602661, 1501.880615
696.802673, 1470.019531
697.002686, 1496.044800
697.202698, 1476.601685
697.402710, 1464.611328
697.602722, 1467.571411
697.802734, 1461.667969
698.002747, 1459.186157
698.202759, 1479.504028
698.402771, 1478.239380
698.602783, 1472.432251
698.802795, 1475.056274
699.002808, 1479.606567
699.202820, 1476.436646
699.402832, 1463.309204
699.602844, 1476.355225
699.802856, 1493.416992
700.002869, 1477.984009
700.202881, 1478.617920
700.402893, 1469.710693
700.602905, 1475.060669
700.802917, 1472.495728
701.002930, 1467.839111
701.202942, 1467.778442
701.402954, 1459.048584
701.602966, 1467.779907
701.802979, 1465.948730
702.002991, 1471.408569
702.203003, 1471.249023
702.403015, 1479.601807
702.603027, 1480.250610
702.803040, 1469.603149
703.003052, 1494.260254
703.203064, 1478.348389
703.403076, 1493.047607
703.603088, 1479.867188
703.803101, 1509.257446
704.003113, 1515.121338
704.203125, 1510.909546
704.403137, 1520.607300
704.603149, 1523.478271
704.803162, 1528.552979
705.003174, 1529.823608
705.203186, 1547.651611
705.403198, 1564.541626
705.603210, 1565.491089
705.803223, 1573.895996
706.003235, 1602.531738
706.203247, 1635.123535
706.403259, 1640.735962
706.603271, 1673.478394
706.803284, 1719.577393
707.003296, 1752.064575
707.203308, 1807.017212
707.403320, 1852.806396
707.603333, 1921.182007
707.803345, 1987.410645
708.003357, 2096.777344
708.203369, 2199.816406
708.403381, 2282.713379
708.603394, 2421.512451
708.803406, 2551.723877
709.003418, 2691.525635
709.203430, 2828.156006
709.403442, 2987.870850
709.603455, 3130.889404
709.803467, 3266.739258
710.003479, 3399.970947
710.203491, 3552.285400
710.403503, 3654.518311
710.603516, 3706.823730
710.803528, 3767.752197
711.003540, 3798.611328
711.203552, 3798.594482
711.403564, 3747.946289
711.603577, 3679.572510
711.803589, 3608.557861
712.003601, 3508.095947
712.203613, 3388.039795
712.403625, 3253.576172
712.603638, 3113.949463
712.803650, 3002.353027
713.003662, 2897.261719
713.203674, 2794.774414
713.403687, 2711.266113
713.603699, 2624.603516
713.803711, 2559.373047
714.003723, 2508.282227
714.203735, 2433.873291
714.403748, 2362.490723
714.603760, 2342.308594
714.803772, 2293.492920
715.003784, 2246.818359
715.203796, 2234.209717
715.403809, 2179.991943
715.603821, 2166.397461
715.803833, 2124.694824
716.003845, 2090.368164
716.203857, 2073.638428
716.403870, 2050.269775
716.603882, 2045.762573
716.803894, 2011.744507
717.003906, 2012.616089
717.203918, 1990.552246
717.403931, 1971.936157
717.603943, 1954.591187
717.803955, 1963.847900
718.003967, 1954.700439
718.203979, 1934.149780
718.403992, 1922.475098
718.604004, 1934.750366
718.804016, 1926.510376
719.004028, 1903.388428
719.204041, 1901.283691
719.404053, 1888.410400
719.604065, 1892.940552
719.804077, 1905.784546
720.004089, 1907.536499
720.204102, 1897.317017
720.404114, 1918.453369
720.604126, 1930.149902
720.804138, 1976.259521
721.004150, 1979.811157
721.204163, 1999.152344
721.404175, 2013.821167
721.604187, 2056.752686
721.804199, 2048.609863
722.004211, 2086.876465
722.204224, 2104.706543
722.404236, 2134.646973
722.604248, 2181.404053
722.804260, 2174.467041
723.004272, 2175.760010
723.204285, 2204.268311
723.404297, 2242.677002
723.604309, 2228.447266
723.804321, 2231.391846
724.004333, 2245.857178
724.204346, 2225.201416
724.404358, 2206.029541
724.604370, 2193.466309
724.804382, 2198.900146
725.004395, 2179.015137
725.204407, 2172.684082
725.404419, 2144.555664
725.604431, 2131.263916
725.804443, 2084.790283
726.004456, 2063.985107
726.204468, 2034.324097
726.404480, 2004.480957
726.604492, 2002.080444
726.804504, 1985.110962
727.004517, 1967.866211
727.204529, 1964.180420
727.404541, 1914.511597
727.604553, 1915.000732
727.804565, 1907.543823
728.004578, 1884.689697
728.204590, 1864.834473
728.404602, 1853.405273
728.604614, 1856.051025
728.804626, 1841.766479
729.004639, 1833.931152
729.204651, 1822.745117
729.404663, 1800.699341
729.604675, 1823.462769
729.804688, 1788.624268
730.004700, 1792.284302
730.204712, 1800.439331
730.404724, 1799.107910
730.604736, 1809.526611
730.804749, 1793.543701
731.004761, 1801.391846
731.204773, 1800.002686
731.404785, 1793.030884
731.604797, 1799.455322
731.804810, 1798.086060
732.004822, 1795.413818
732.204834, 1798.145020
732.404846, 1777.578003
732.604858, 1777.412598
732.804871, 1779.725708
733.004883, 1791.376709
733.204895, 1785.311646
733.404907, 1779.067871
733.604919, 1781.029297
733.804932, 1763.144287
734.004944, 1779.874146
734.204956, 1776.589478
734.404968, 1794.576782
734.604980, 1806.377075
734.804993, 1790.729126
735.005005, 1785.497925
735.205017, 1777.276367
735.405029, 1777.282715
735.605042, 1788.738892
735.805054, 1774.051147
736.005066, 1784.456909
736.205078, 1786.005981
736.405090, 1790.102539
736.605103, 1782.259766
736.805115, 1765.759766
737.005127, 1784.942261
737.205139, 1778.255249
737.405151, 1767.071167
737.605164, 1784.748291
737.805176, 1761.219482
738.005188, 1781.156494
738.205200, 1772.718750
738.405212, 1786.841187
738.605225, 1791.868530
738.805237, 1794.005981
739.005249, 1805.251221
739.205261, 1776.663452
739.405273, 1777.512817
739.605286, 1795.602661
739.805298, 1779.419189
740.005310, 1780.465820
740.205322, 1769.006226
740.405334, 1772.303223
740.605347, 1782.950195
740.805359, 1766.770752
741.005371, 1771.059082
741.205383, 1778.493286
741.405396, 1771.574829
741.605408, 1778.844849
741.805420, 1761.393921
742.005432, 1770.985962
742.205444, 1773.379272
742.405457, 1774.218628
742.605469, 1779.642456
742.805481, 1789.624634
743.005493, 1774.535889
743.205505, 1784.673950
743.405518, 1770.412109
743.605530, 1779.259644
743.805542, 1769.179932
744.005554, 1766.972900
744.205566, 1777.401978
744.405579, 1755.240234
744.605591, 1770.738281
744.805603, 1778.703003
745.005615, 1747.093994
745.205627, 1766.459717
745.405640, 1764.151123
745.605652, 1767.380493
745.805664, 1766.078369
746.005676, 1759.399048
746.205688, 1778.657593
746.405701, 1761.324463
746.605713, 1784.589844
746.805725, 1759.209351
747.005737, 1771.362549
747.205750, 1774.980469
747.405762, 1769.563354
747.605774, 1774.822144
747.805786, 1762.582153
748.005798, 1762.242676
748.205811, 1805.811646
748.405823, 1773.357666
748.605835, 1762.886841
748.805847, 1780.992188
749.005859, 1778.040405
749.205872, 1792.775879
749.405884, 1769.464478
749.605896, 1776.000610
749.805908, 1794.902344
750.005920, 1780.105225
750.205933, 1801.854614
750.405945, 1772.369873
750.605957, 1785.075195
750.805969, 1781.567749
751.005981, 1776.076050
751.205994, 1784.723633
751.406006, 1766.723022
751.606018, 1771.582886
751.806030, 1761.547974
752.006042, 1751.027344
752.206055, 1772.615356
752.406067, 1766.475464
752.606079, 1744.671265
752.806091, 1734.917236
753.006104, 1742.345215
753.206116, 1768.316650
753.406128, 1747.453003
753.606140, 1769.299561
753.806152, 1766.448120
754.006165, 1755.493896
754.206177, 1761.347168
754.406189, 1756.692017
754.606201, 1744.746338
754.806213, 1736.210571
755.006226, 1757.138062
755.206238, 1752.071899
755.406250, 1737.577026
755.606262, 1748.735107
755.806274, 1767.178345
756.006287, 1745.337891
756.206299, 1765.186646
756.406311, 1749.924316
756.606323, 1755.516235
756.806335, 1776.116943
757.006348, 1758.743774
757.206360, 1745.025024
757.406372, 1747.903320
757.606384, 1731.633667
757.806396, 1755.182617
758.006409, 1748.072021
758.206421, 1764.515503
758.406433, 1738.136353
758.606445, 1760.267944
758.806458, 1754.254761
759.006470, 1739.432251
759.206482, 1745.541260
759.406494, 1743.681763
759.606506, 1748.709839
759.806519, 1728.196289
760.006531, 1752.535889
760.206543, 1749.160522
760.406555, 1737.181763
760.606567, 1753.482666
760.806580, 1734.520752
761.006592, 1719.799438
761.206604, 1710.989258
761.406616, 1697.038818
761.606628, 1724.076660
761.806641, 1712.896362
762.006653, 1699.257324
762.206665, 1705.986450
762.406677, 1704.079224
762.606689, 1710.277344
762.806702, 1711.660034
763.006714, 1687.680420
763.206726, 1707.687012
763.406738, 1670.475098
763.606750, 1692.695068
763.806763, 1686.331909
764.006775, 1693.468628
764.206787, 1697.303833
764.406799, 1686.983765
764.606812, 1679.143799
764.806824, 1670.103027
765.006836, 1681.119629
765.206848, 1686.782959
765.406860, 1690.555054
765.606873, 1669.976074
765.806885, 1666.218994
766.006897, 1682.890747
766.206909, 1692.825684
766.406921, 1670.672852
766.606934, 1664.028198
766.806946, 1674.120117
767.006958, 1666.578003
767.206970, 1691.030396
767.406982, 1671.189331
767.606995, 1671.274658
767.807007, 1657.835205
768.007019, 1668.033936
768.207031, 1651.473511
768.407043, 1651.951172
768.607056, 1667.853882
768.807068, 1663.375610
769.007080, 1651.255249
769.207092, 1665.480713
769.407104, 1659.722534
769.607117, 1645.248169
769.807129, 1639.149658
770.007141, 1633.604370
770.207153, 1650.573486
770.407166, 1633.638916
770.607178, 1640.565063
770.807190, 1633.295166
771.007202, 1638.796387
771.207214, 1633.396729
771.407227, 1611.800415
771.607239, 1609.145874
771.807251, 1626.393311
772.007263, 1614.241211
772.207275, 1617.352295
772.407288, 1598.765137
772.607300, 1608.054565
772.807312, 1592.973755
773.007324, 1605.122803
773.207336, 1606.298706
773.407349, 1598.571411
773.607361, 1604.790283
773.807373, 1595.583618
774.007385, 1586.493164
774.207397, 1601.471436
774.407410, 1574.508545
774.607422, 1602.332520
774.807434, 1582.498657
775.007446, 1586.591797
775.207458, 1593.145264
775.407471, 1612.886475
775.607483, 1579.429199
775.807495, 1592.039429
776.007507, 1574.808716
776.207520, 1579.961304
776.407532, 1575.562012
776.607544, 1577.390503
776.807556, 1574.895142
777.007568, 1557.145386
777.207581, 1566.810547
777.407593, 1563.277344
777.607605, 1552.655518
777.807617, 1555.043335
778.007629, 1553.884766
778.207642, 1562.969604
778.407654, 1547.231689
778.607666, 1565.846680
778.807678, 1570.281128
779.007690, 1569.864624
779.207703, 1563.941528
779.407715, 1556.726196
779.607727, 1541.417114
779.807739, 1537.081787
780.007751, 1555.043335
780.207764, 1541.557129
780.407776, 1546.751099
780.607788, 1541.651489
780.807800, 1553.572754
781.007812, 1536.193237
781.207825, 1556.829468
781.407837, 1546.083618
781.607849, 1534.182495
781.807861, 1534.150513
782.007874, 1522.728271
782.207886, 1541.146606
782.407898, 1530.917480
782.607910, 1522.503906
782.807922, 1508.049438
783.007935, 1512.479980
783.207947, 1540.508789
783.407959, 1524.127808
783.607971, 1515.286499
783.807983, 1508.322144
784.007996, 1522.796875
784.208008, 1524.504761
784.408020, 1516.473633
784.608032, 1501.913330
784.808044, 1497.540894
785.008057, 1506.521484
785.208069, 1493.091675
785.408081, 1511.648315
785.608093, 1491.369019
785.808105, 1503.303833
786.008118, 1496.008911
786.208130, 1505.568115
786.408142, 1502.423462
786.608154, 1496.403198
786.808167, 1505.572388
787.008179, 1497.564575
787.208191, 1504.147339
787.408203, 1488.157715
787.608215, 1490.728394
787.808228, 1511.872314
788.008240, 1492.952026
788.208252, 1479.769897
788.408264, 1494.074829
788.608276, 1486.035400
788.808289, 1487.947266
789.008301, 1478.397339
789.208313, 1477.142578
789.408325, 1491.672607
789.608337, 1473.157227
789.808350, 1478.504395
790.008362, 1475.183350
790.208374, 1487.904541
790.408386, 1471.014526
790.608398, 1472.984375
790.808411, 1486.563354
791.008423, 1454.769531
791.208435, 1480.872314
791.408447, 1465.812988
791.608459, 1442.170654
791.808472, 1455.646240
792.008484, 1448.615234
792.208496, 1452.625732
792.408508, 1465.873535
792.608521, 1448.240845
792.808533, 1455.996094
793.008545, 1450.648926
793.208557, 1450.606201
793.408569, 1462.405884
793.608582, 1441.500488
793.808594, 1437.002563
794.008606, 1430.250977
794.208618, 1441.146240
794.408630, 1447.970581
794.608643, 1453.636230
794.808655, 1430.481445
795.008667, 1433.081787
795.208679, 1418.786011
795.408691, 1444.330078
795.608704, 1428.662964
795.808716, 1435.708130
796.008728, 1419.611816
796.208740, 1425.243774
796.408752, 1437.634521
796.608765, 1418.033813
796.808777, 1438.050415
797.008789, 1425.772095
797.208801, 1420.294067
797.408813, 1418.014648
797.608826, 1427.597534
797.808838, 1422.702393
798.008850, 1419.470947
798.208862, 1432.580200
798.408875, 1419.833252
798.608887, 1412.642822
798.808899, 1425.578369
799.008911, 1430.262695
799.208923, 1416.712646
799.408936, 1424.973633
799.608948, 1419.968262
799.808960, 1429.214844
800.008972, 1409.767456
800.208984, 1421.386841
800.408997, 1408.171875
800.609009, 1419.484009
800.809021, 1421.301392
801.009033, 1412.008057
801.209045, 1423.935059
801.409058, 1421.632568
801.609070, 1431.539673
801.809082, 1421.624512
802.009094, 1396.917725
802.209106, 1408.029663
802.409119, 1400.598511
802.609131, 1389.051025
802.809143, 1387.933472
803.009155, 1406.039795
803.209167, 1407.104126
803.409180, 1408.514160
803.609192, 1401.055176
803.809204, 1411.851196
804.009216, 1394.204224
804.209229, 1400.888672
804.409241, 1400.564941
804.609253, 1406.540894
804.809265, 1400.303955
805.009277, 1380.708496
805.209290, 1374.462280
805.409302, 1370.362915
805.609314, 1386.292236
805.809326, 1383.290039
806.009338, 1383.325317
806.209351, 1387.302246
806.409363, 1372.131836
806.609375, 1371.738037
806.809387, 1369.673950
807.009399, 1377.901855
807.209412, 1354.370361
807.409424, 1339.909790
807.609436, 1354.968018
807.809448, 1361.714600
808.009460, 1371.909912
808.209473, 1354.241821
808.409485, 1360.846436
808.609497, 1377.318359
808.809509, 1369.568115
809.009521, 1370.504517
809.209534, 1356.554688
809.409546, 1365.541382